1
1
3
0
(8 0
((183,111,0) (199,127,23) (0,0,0))
((200,111,0) (215,127,23) (0,0,0))
((183,128,0) (199,143,23) (0,0,0))
((200,128,0) (215,143,23) (0,0,0))
((183,111,24) (199,127,46) (0,0,0))
((200,111,24) (215,127,46) (0,0,0))
((183,128,24) (199,143,46) (0,0,0))
((200,128,24) (215,143,46) (0,0,0))
)
8
FabOnDisk: Cell_D_00085 0
FabOnDisk: Cell_D_00100 0
FabOnDisk: Cell_D_00104 0
FabOnDisk: Cell_D_00081 0
FabOnDisk: Cell_D_00092 0
FabOnDisk: Cell_D_00109 0
FabOnDisk: Cell_D_00108 0
FabOnDisk: Cell_D_00093 0

8,3
3.79752884435672211e+00,-2.15777347899640592e-01,-2.05739592395773919e-02,
3.79798917909027756e+00,-2.17108959166691429e-01,-2.03965247624790791e-02,
3.79748128449145650e+00,-2.15849788050358649e-01,-2.10022027991730760e-02,
3.79788069225175295e+00,-2.18010791480342192e-01,-2.01090291278537593e-02,
7.78664267136788180e+00,-2.71751758889170247e-01,-1.83212844498158410e-02,
7.78760500271703204e+00,-2.75130978079941912e-01,-1.81294455227307728e-02,
7.78020032812924800e+00,-2.70684953588896882e-01,-1.87061373929309736e-02,
7.77986862167036719e+00,-2.74961157472106532e-01,-1.81218521618328743e-02,

8,3
8.17279795801301567e+00,6.42026003305059823e-02,1.81580610061221129e-02,
8.17170493334497472e+00,4.97749097785574468e-02,1.91804562409902610e-02,
8.18197104684523069e+00,6.44780599432927121e-02,1.79140532768940035e-02,
8.18180406429308960e+00,5.05286975283621362e-02,1.90011709069528925e-02,
8.22024344260155715e+00,9.05456748416089557e-02,1.55897824278669935e-02,
8.21997958768518622e+00,7.29143672055262287e-02,1.64686567260538125e-02,
8.21139045545141855e+00,9.10349081543979644e-02,1.54981160536783961e-02,
8.21006254096643850e+00,7.42033433888834443e-02,1.60800844482715706e-02,

