1
1
3
0
(8 0
((183,111,0) (199,127,23) (0,0,0))
((200,111,0) (215,127,23) (0,0,0))
((183,128,0) (199,143,23) (0,0,0))
((200,128,0) (215,143,23) (0,0,0))
((183,111,24) (199,127,46) (0,0,0))
((200,111,24) (215,127,46) (0,0,0))
((183,128,24) (199,143,46) (0,0,0))
((200,128,24) (215,143,46) (0,0,0))
)
8
FabOnDisk: Cell_D_00085 0
FabOnDisk: Cell_D_00100 0
FabOnDisk: Cell_D_00104 0
FabOnDisk: Cell_D_00081 0
FabOnDisk: Cell_D_00092 0
FabOnDisk: Cell_D_00109 0
FabOnDisk: Cell_D_00108 0
FabOnDisk: Cell_D_00093 0

8,3
3.85065088150488588e+00,-2.16239049099802128e-01,-1.61372707777768486e-02,
3.85062539182198904e+00,-1.96155462458831586e-01,-1.96036478463828823e-02,
3.85052399293507630e+00,-2.17271107043489259e-01,-1.67058361529311590e-02,
3.84999909620278835e+00,-1.95885003462062807e-01,-1.92964135721535000e-02,
7.78694289842626386e+00,-2.74020160609186159e-01,-1.48486894396555758e-02,
7.79320317501108661e+00,-2.51087180453193004e-01,-1.74232904128254207e-02,
7.78114583147063765e+00,-2.73623916217384522e-01,-1.47126054522918361e-02,
7.79990132625159660e+00,-2.52625841574874943e-01,-1.74137299405783437e-02,

8,3
8.17221112964276486e+00,3.43816635955437391e-02,1.48035475733840644e-02,
8.17213447512154367e+00,1.62569205511122833e-01,1.86726890965884726e-02,
8.18088859442176108e+00,3.43469203158698819e-02,1.50694239973005982e-02,
8.16793276663612566e+00,1.63203860926709743e-01,1.87716202938173968e-02,
8.21881178293872239e+00,-6.93010472441508152e-02,1.33534642510035381e-02,
8.19901954207789530e+00,2.12211471291989584e-01,1.61000745213503993e-02,
8.21031336519032529e+00,-7.09137957681670317e-02,1.29430904253079841e-02,
8.20707971782003831e+00,2.11490710572551588e-01,1.61834261499871103e-02,

