1
1
3
0
(8 0
((383,111,0) (399,127,23) (0,0,0))
((400,111,0) (415,127,23) (0,0,0))
((383,128,0) (399,143,23) (0,0,0))
((400,128,0) (415,143,23) (0,0,0))
((383,111,24) (399,127,46) (0,0,0))
((400,111,24) (415,127,46) (0,0,0))
((383,128,24) (399,143,46) (0,0,0))
((400,128,24) (415,143,46) (0,0,0))
)
8
FabOnDisk: Cell_D_00085 0
FabOnDisk: Cell_D_00100 0
FabOnDisk: Cell_D_00104 0
FabOnDisk: Cell_D_00081 0
FabOnDisk: Cell_D_00092 0
FabOnDisk: Cell_D_00109 0
FabOnDisk: Cell_D_00108 0
FabOnDisk: Cell_D_00093 0

8,3
3.81186289892580898e+00,-2.16785377607092711e-01,-1.65577743893927445e-02,
3.81092673632565804e+00,-1.59483781020221066e-01,-2.01819533694200214e-02,
3.81197631030968154e+00,-2.17765630137556288e-01,-1.63935974656760457e-02,
3.81077637736798724e+00,-1.59479498425811411e-01,-1.98398105848600140e-02,
7.78674540240282820e+00,-2.74955255132303067e-01,-1.43706740357186051e-02,
7.79568390280738033e+00,-2.08778116970120026e-01,-1.79244549917073996e-02,
7.78014256975071650e+00,-2.74819673867032599e-01,-1.54661061140044399e-02,
7.79892373389841698e+00,-2.07006454950017238e-01,-1.79366824258092375e-02,

8,3
8.17273150723457142e+00,3.34603405298738096e-02,1.58938342106913835e-02,
8.16718478943373682e+00,2.00220702061559480e-01,1.90655990508945584e-02,
8.18169942165956599e+00,3.34126917543631219e-02,1.58283074975466322e-02,
8.17322010940626420e+00,1.98965628162072417e-01,1.92012992477388518e-02,
8.21990022231963025e+00,-8.40431033808528849e-02,1.41427010210592782e-02,
8.20858728421296746e+00,2.55281976797883725e-01,1.64088470869157635e-02,
8.21126017474271919e+00,-8.36604001159601957e-02,1.35355873596561694e-02,
8.19897897458523595e+00,2.55871286003631127e-01,1.64432734910463993e-02,

