1
1
3
0
(8 0
((183,111,0) (199,127,23) (0,0,0))
((200,111,0) (215,127,23) (0,0,0))
((183,128,0) (199,143,23) (0,0,0))
((200,128,0) (215,143,23) (0,0,0))
((183,111,24) (199,127,46) (0,0,0))
((200,111,24) (215,127,46) (0,0,0))
((183,128,24) (199,143,46) (0,0,0))
((200,128,24) (215,143,46) (0,0,0))
)
8
FabOnDisk: Cell_D_00085 0
FabOnDisk: Cell_D_00100 0
FabOnDisk: Cell_D_00104 0
FabOnDisk: Cell_D_00081 0
FabOnDisk: Cell_D_00092 0
FabOnDisk: Cell_D_00109 0
FabOnDisk: Cell_D_00108 0
FabOnDisk: Cell_D_00093 0

8,3
3.81055571734460763e+00,-2.15544933799766997e-01,-2.03082922251990421e-02,
3.81093656878054876e+00,-2.16785377718136579e-01,-2.01819536729979272e-02,
3.81051323875548142e+00,-2.15592392473508504e-01,-2.02464463308856639e-02,
3.81077637550178006e+00,-2.17765630094909790e-01,-1.98398109294086918e-02,
7.78674540187464626e+00,-2.71438452745596415e-01,-1.81046268026102929e-02,
7.79232963323358785e+00,-2.74955255243933772e-01,-1.79244549345065202e-02,
7.78014256925827308e+00,-2.70049986912754503e-01,-1.80674615732131019e-02,
7.78068635258055963e+00,-2.74819673792585040e-01,-1.79366823396492035e-02,

8,3
8.17273150687620742e+00,3.34603403811101971e-02,1.80417743978793579e-02,
8.17185664888699392e+00,8.24905199005352419e-02,1.90655991860875750e-02,
8.18169942109623349e+00,3.34126916441205637e-02,1.71892217578707776e-02,
8.18053938265652292e+00,8.14964568564093550e-02,1.92012989494635758e-02,
8.21990022182801994e+00,4.90950831812310903e-02,1.54796440746502798e-02,
8.21774769556812679e+00,1.13755386349666879e-01,1.64088471722287528e-02,
8.21126017423507193e+00,4.75567632201969806e-02,1.50463249564617568e-02,
8.21008146203515565e+00,1.11662610119243819e-01,1.64432732893996549e-02,

