## This file was generated by InflowWind_Driver on 26-Jun-2023 at 16:38:16.
## This file contains the wind velocity and acceleration at the 300 points specified in the file /Users/aplatt/software-development/GitHub/openfast-5/build/reg_tests/modules/inflowwind/ifw_BoxExceed/Points.inp.
# 
# 
# 
# 
               T                  X                  Y                  Z                  U                  V                  W                 UA                 VA                 WA
             (s)                (m)                (m)                (m)              (m/s)              (m/s)              (m/s)            (m/s/s)            (m/s/s)            (m/s/s)
      0.50000000         0.00000000      -198.75000000        47.00000000        10.69385098         0.23033952        -0.00875520        -0.71997024        -0.21063923        -0.42679994
      0.50000000         0.00000000      -198.75000000       163.25000000        13.11480121         0.08563044         0.38983327         0.40151554        -0.20010738         0.38879852
      0.50000000         0.00000000      -197.50000000        88.25000000        12.15153671         0.05111408         0.11899089        -0.31232455        -0.42883764        -0.35414360
      0.50000000         0.00000000      -196.25000000       198.25000000        13.77246425        -0.13433542        -0.07581368        -0.13731363        -0.85796796        -0.03745481
      0.50000000         0.00000000      -195.00000000       224.50000000        13.77246425        -0.13433542        -0.07581368        -0.13731363        -0.85796796        -0.03745481
      0.50000000         0.00000000      -190.00000000        17.00000000         3.86798865         0.08331429        -0.00316677        -0.26041477        -0.07618866        -0.15437445
      0.50000000         0.00000000      -190.00000000       278.25000000        13.77246425        -0.13433542        -0.07581368        -0.13731363        -0.85796796        -0.03745481
      0.50000000         0.00000000      -190.00000000       209.50000000        13.77246425        -0.13433542        -0.07581368        -0.13731363        -0.85796796        -0.03745481
      0.50000000         0.00000000      -188.75000000       177.00000000        13.77246425        -0.13433542        -0.07581368        -0.13731363        -0.85796796        -0.03745481
      0.50000000         0.00000000      -186.25000000        79.50000000        11.91073779        -0.04628771         0.18011572         0.13139332         0.10932666         0.42643965
      0.50000000         0.00000000      -186.25000000        60.75000000        11.32683945         0.11204885        -0.07944982         0.57089269         0.01614556         0.33246439
      0.50000000         0.00000000      -185.00000000        57.00000000        11.13987900         0.06264045        -0.16506076         0.54258909        -0.14047185         0.33130714
      0.50000000         0.00000000      -185.00000000       244.50000000        13.77246425        -0.13433542        -0.07581368        -0.13731363        -0.85796796        -0.03745481
      0.50000000         0.00000000      -183.75000000       209.50000000        13.77246425        -0.13433542        -0.07581368        -0.13731363        -0.85796796        -0.03745481
      0.50000000         0.00000000      -183.75000000        29.50000000         6.71209796         0.14457480        -0.00549528        -0.45189622        -0.13220973        -0.26788507
      0.50000000         0.00000000      -182.50000000        12.00000000         2.73034493         0.05881009        -0.00223537        -0.18382219        -0.05378023        -0.10897020
      0.50000000         0.00000000      -178.75000000        60.75000000        11.32683945         0.11204885        -0.07944982         0.57089269         0.01614556         0.33246439
      0.50000000         0.00000000      -177.50000000       127.00000000        13.14180303         0.12933003         0.07097500        -0.31638786         0.26994518        -0.41126625
      0.50000000         0.00000000      -176.25000000       139.50000000        13.12999322        -0.23084613         0.03099408        -0.05402385        -0.44682277         0.45570188
      0.50000000         0.00000000      -172.50000000       215.75000000        13.77246425        -0.13433542        -0.07581368        -0.13731363        -0.85796796        -0.03745481
      0.50000000         0.00000000      -168.75000000        62.00000000        11.37806986         0.08086264        -0.07131164         0.26318976         0.15839796         0.38794210
      0.50000000         0.00000000      -168.75000000       165.75000000        13.35374377         0.00963973         0.31114121         0.61002476         0.19506687         0.27723711
      0.50000000         0.00000000      -165.00000000       105.75000000        12.62414109         0.19574936        -0.11678975        -0.41528843        -0.61092160         0.40457877
      0.50000000         0.00000000      -163.75000000       210.75000000        13.77246425        -0.13433542        -0.07581368        -0.13731363        -0.85796796        -0.03745481
      0.50000000         0.00000000      -161.25000000       120.75000000        12.67066127         0.00598695        -0.02070117        -0.31615981         0.42376809        -0.44683265
      0.50000000         0.00000000      -161.25000000       138.25000000        13.12264828        -0.15883307         0.05588398         0.07516566        -0.41412576         0.54008549
      0.50000000         0.00000000      -160.00000000        79.50000000        11.91073779        -0.04628771         0.18011572         0.13139332         0.10932666         0.42643965
      0.50000000         0.00000000      -158.75000000       100.75000000        12.88524977        -0.25164470         0.02181981        -0.43769238        -0.32729809        -0.13419699
      0.50000000         0.00000000      -157.50000000        52.00000000        10.90253559         0.01580322        -0.29731916         0.11968189        -0.83726204        -0.03047385
      0.50000000         0.00000000      -157.50000000       194.50000000        13.77246425        -0.13433542        -0.07581368        -0.13731363        -0.85796796        -0.03745481
      0.50000000         0.00000000      -156.25000000       245.75000000        13.77246425        -0.13433542        -0.07581368        -0.13731363        -0.85796796        -0.03745481
      0.50000000         0.00000000      -155.00000000        97.00000000        12.77313768        -0.18865507         0.07845882         0.20354505         0.09766746        -0.29325035
      0.50000000         0.00000000      -155.00000000        13.25000000         3.01475586         0.06493614        -0.00246822        -0.20297033        -0.05938233        -0.12032126
      0.50000000         0.00000000      -155.00000000        24.50000000         5.57445424         0.12007060        -0.00456388        -0.37530364        -0.10980130        -0.22248082
      0.50000000         0.00000000      -153.75000000       140.75000000        13.10532646        -0.18522906         0.00369654         0.15852595        -0.25233381         0.39751450
      0.50000000         0.00000000      -153.75000000       182.00000000        13.77246425        -0.13433542        -0.07581368        -0.13731363        -0.85796796        -0.03745481
      0.50000000         0.00000000      -150.00000000       109.50000000        12.51119765        -0.04313418        -0.30415224         0.14393982         0.01126308         0.42069784
      0.50000000         0.00000000      -146.25000000        34.50000000         7.84974168         0.16907901        -0.00642669        -0.52848879        -0.15461815        -0.31328932
      0.50000000         0.00000000      -142.50000000       113.25000000        12.61120036         0.07792451        -0.22471467        -0.64033486         0.46893320        -0.79928192
      0.50000000         0.00000000      -142.50000000        94.50000000        12.42099114        -0.20846913         0.12460340        -0.20290096         0.17388076        -0.15645416
      0.50000000         0.00000000      -141.25000000       192.00000000        13.77246425        -0.13433542        -0.07581368        -0.13731363        -0.85796796        -0.03745481
      0.50000000         0.00000000      -141.25000000        23.25000000         5.29004330         0.11394455        -0.00433103        -0.35615549        -0.10419919        -0.21112976
      0.50000000         0.00000000      -140.00000000        43.25000000         9.84061819         0.21196136        -0.00805664        -0.66252581        -0.19383290        -0.39274675
      0.50000000         0.00000000      -140.00000000        85.75000000        11.91353422        -0.05924019         0.08609136         0.67756543         0.45311034        -0.04257116
      0.50000000         0.00000000      -138.75000000       163.25000000        13.11480121         0.08563044         0.38983327         0.40151554        -0.20010738         0.38879852
      0.50000000         0.00000000      -136.25000000        52.00000000        10.90253559         0.01580322        -0.29731916         0.11968189        -0.83726204        -0.03047385
      0.50000000         0.00000000      -135.00000000       174.50000000        13.77246425        -0.13433542        -0.07581368        -0.13731363        -0.85796796        -0.03745481
      0.50000000         0.00000000      -135.00000000        85.75000000        11.91353422        -0.05924019         0.08609136         0.67756543         0.45311034        -0.04257116
      0.50000000         0.00000000      -133.75000000       102.00000000        12.87473163        -0.23246494        -0.00177577        -0.62301645        -0.45657998        -0.04192940
      0.50000000         0.00000000      -132.50000000        90.75000000        12.24558779        -0.02595420         0.13678579        -0.56785461        -0.38678491        -0.32559358
      0.50000000         0.00000000      -128.75000000       217.00000000        13.77246425        -0.13433542        -0.07581368        -0.13731363        -0.85796796        -0.03745481
      0.50000000         0.00000000      -127.50000000        93.25000000        12.25629881        -0.21152998         0.14583591        -0.39823007         0.19021412        -0.10013111
      0.50000000         0.00000000      -125.00000000       269.50000000        13.77246425        -0.13433542        -0.07581368        -0.13731363        -0.85796796        -0.03745481
      0.50000000         0.00000000      -123.75000000       257.00000000        13.77246425        -0.13433542        -0.07581368        -0.13731363        -0.85796796        -0.03745481
      0.50000000         0.00000000      -123.75000000       192.00000000        13.75344982        -0.13108544        -0.04012579        -0.22555326        -0.86849768        -0.16458878
      0.50000000         0.00000000      -122.50000000        45.75000000        10.42702706         0.31499100        -0.02434420        -0.70178341        -0.17782955        -0.21560427
      0.50000000         0.00000000      -122.50000000         5.75000000         1.31050067         0.03958903        -0.00305965        -0.08820229        -0.02235016        -0.02709780
      0.50000000         0.00000000      -122.50000000       108.25000000        12.49814470         0.06463050        -0.24183385        -0.05309413        -0.25838105         0.48735191
      0.50000000         0.00000000      -120.00000000        32.00000000         7.30552243         0.28381636        -0.02809432        -0.49153729        -0.10535305        -0.01102288
      0.50000000         0.00000000      -117.50000000       119.50000000        12.60863835        -0.28791856        -0.08379999        -0.82286935         0.64217828        -0.88349676
      0.50000000         0.00000000      -117.50000000        70.75000000        11.33615448        -0.38563262        -0.05271644         0.73124071        -0.30668156         0.31070445
      0.50000000         0.00000000      -116.25000000       119.50000000        12.58936324        -0.31708531        -0.09711859        -0.86443493         0.60408325        -0.90100817
      0.50000000         0.00000000      -115.00000000       205.75000000        13.66899000        -0.11664943         0.11839547        -0.61750296        -0.91526942        -0.72930240
      0.50000000         0.00000000      -113.75000000       210.75000000        13.67595461        -0.11783983         0.10532370        -0.58518252        -0.91141259        -0.68273574
      0.50000000         0.00000000      -110.00000000       224.50000000        13.71674736        -0.12481220         0.02876045        -0.39587704        -0.88882259        -0.40998802
      0.50000000         0.00000000      -110.00000000        50.75000000        10.91328388         0.09029288        -0.36660102         0.75454580        -0.65896852        -0.35008436
      0.50000000         0.00000000      -108.75000000        93.25000000        11.72046837        -0.48428679        -0.06876536        -0.11473911         0.26564173         1.23566080
      0.50000000         0.00000000      -108.75000000       133.25000000        12.97729231        -0.08737807        -0.13795968         0.35922951         1.43871417        -0.23425673
      0.50000000         0.00000000      -108.75000000       148.25000000        12.97189265        -0.07588067         0.04468599         0.27497188         0.05754869         0.25927603
      0.50000000         0.00000000      -107.50000000       149.50000000        13.01060641        -0.09078581         0.07084385         0.77207223        -0.09245163        -0.03576894
      0.50000000         0.00000000      -107.50000000       179.50000000        13.42887655        -0.07560883         0.56906051        -1.73178897        -1.04823826        -2.33474433
      0.50000000         0.00000000      -107.50000000       120.75000000        12.46539130        -0.24176345        -0.27077573        -1.01798884        -0.13646452        -0.18954984
      0.50000000         0.00000000      -103.75000000       273.25000000        13.77246425        -0.13433542        -0.07581368        -0.13731363        -0.85796796        -0.03745481
      0.50000000         0.00000000      -101.25000000       100.75000000        12.05244324        -0.49710901         0.35483573         0.33034962         0.26475506         0.48878500
      0.50000000         0.00000000      -100.00000000       122.00000000        12.41605009         0.00036855        -0.48564075        -1.23275814        -0.86197646         0.97008502
      0.50000000         0.00000000       -98.75000000       278.25000000        13.77246425        -0.13433542        -0.07581368        -0.13731363        -0.85796796        -0.03745481
      0.50000000         0.00000000       -96.25000000        93.25000000        11.30829099        -0.69409978        -0.23384330         0.10333092         0.32366298         2.26319333
      0.50000000         0.00000000       -96.25000000       139.50000000        13.03177708        -0.49229284         0.14661359         2.15427585         0.70624603         3.07715618
      0.50000000         0.00000000       -95.00000000       239.50000000        13.77246425        -0.13433542        -0.07581368        -0.13731363        -0.85796796        -0.03745481
      0.50000000         0.00000000       -93.75000000        60.75000000        10.44890237        -0.22043243        -0.35650041         0.88947630         1.82406087        -0.15793241
      0.50000000         0.00000000       -93.75000000        74.50000000        11.42902201        -0.94784655        -0.35710074         2.09249792         1.11043306         1.20431460
      0.50000000         0.00000000       -93.75000000        93.25000000        11.22585552        -0.73606238        -0.26685889         0.14694492         0.33526724         2.46869984
      0.50000000         0.00000000       -92.50000000        98.25000000        12.08729509        -0.38025004        -0.02605120         0.76052446         0.74898059         0.13248871
      0.50000000         0.00000000       -91.25000000        79.50000000        11.81593185        -0.29640560         0.72975254         1.45323222         0.23457658         1.02327596
      0.50000000         0.00000000       -88.75000000       238.25000000        13.77246425        -0.13433542        -0.07581368        -0.13731363        -0.85796796        -0.03745481
      0.50000000         0.00000000       -87.50000000       113.25000000        11.85583241         0.19538722         0.48348455         1.17846230        -0.09895722        -1.05678360
      0.50000000         0.00000000       -85.00000000        97.00000000        11.90470080        -0.41401186        -0.25004994         0.85143690         0.93076621         0.41012316
      0.50000000         0.00000000       -85.00000000         4.50000000         1.05155731         0.16491704        -0.02573828        -0.07044621         0.02265095         0.27364629
      0.50000000         0.00000000       -85.00000000        53.25000000        11.00821852         0.53219751        -0.39162775         1.42595749        -1.22921170        -0.74674130
      0.50000000         0.00000000       -85.00000000       202.00000000        13.30550333        -0.05452167         0.80061771        -2.30432273        -1.11655927        -3.15964000
      0.50000000         0.00000000       -83.75000000       119.50000000        12.08821030        -1.07542067        -0.44340221        -1.94513998        -0.38638740        -1.35630484
      0.50000000         0.00000000       -81.25000000       278.25000000        13.77246425        -0.13433542        -0.07581368        -0.13731363        -0.85796796        -0.03745481
      0.50000000         0.00000000       -77.50000000       217.00000000        13.47000098        -0.08263788         0.49187474        -1.54094430        -1.02546458        -2.05977898
      0.50000000         0.00000000       -77.50000000        22.00000000         5.16631832         0.93721908        -0.14865661        -0.34579049         0.14998833         1.62612726
      0.50000000         0.00000000       -76.25000000         7.00000000         1.64517401         0.30515081        -0.04851025        -0.11009779         0.04980502         0.53269282
      0.50000000         0.00000000       -71.25000000        74.50000000        11.33150154        -1.53420583        -0.61455586         3.66325164         1.94096174         2.16631119
      0.50000000         0.00000000       -68.75000000       135.75000000        13.27550606         0.00018355        -0.43130143         2.15829995         4.15607165         2.24877983
      0.50000000         0.00000000       -66.25000000        59.50000000         9.72821722        -0.41845279        -0.35249411         0.69090397         3.55302516        -0.47691500
      0.50000000         0.00000000       -66.25000000       167.00000000        12.72155217         0.55899023         0.44762184        -0.02821294         2.38747192        -0.25449812
      0.50000000         0.00000000       -65.00000000       118.25000000        11.63844577        -2.08981094        -0.39560485        -2.31877772        -0.42753895        -3.50834381
      0.50000000         0.00000000       -65.00000000        85.75000000        11.20197261         0.51725394        -0.59623648        -5.36842913         0.50636651        -3.12973483
      0.50000000         0.00000000       -65.00000000       272.00000000        13.77246425        -0.13433542        -0.07581368        -0.13731363        -0.85796796        -0.03745481
      0.50000000         0.00000000       -65.00000000        53.25000000        11.03226809         0.78707739        -0.45522730         2.02364381        -1.53427500        -1.16589830
      0.50000000         0.00000000       -63.75000000        88.25000000        11.43008871        -0.38803789        -1.43849101        -1.69460367        -1.31554485        -1.36232642
      0.50000000         0.00000000       -61.25000000       204.50000000        13.27665429         0.09758124         0.60358709        -2.07805455        -0.45340554        -2.84251940
      0.50000000         0.00000000       -60.00000000        45.75000000        11.21723579         2.19078809         0.41410786        -3.12670463        -3.01090202         1.69560705
      0.50000000         0.00000000       -60.00000000       187.00000000        13.27315746         0.41423726         0.07073668        -1.32085075         1.00311889        -1.77062971
      0.50000000         0.00000000       -57.50000000        70.75000000        11.50639228         1.28853616         0.28266467        -3.14617437        -2.19624058         0.81326399
      0.50000000         0.00000000       -55.00000000        64.50000000        12.00745698         1.06416765        -0.00185507         3.08208563         0.00524388         0.25623154
      0.50000000         0.00000000       -55.00000000       239.50000000        13.77246425        -0.13433542        -0.07581368        -0.13731363        -0.85796796        -0.03745481
      0.50000000         0.00000000       -51.25000000         0.75000000         0.15378023        -0.02828121        -0.01864229         0.02885124         0.02687813        -0.01514226
      0.50000000         0.00000000       -51.25000000        42.00000000         8.61169294        -1.58374772        -1.04396847         1.61566960         1.50517531        -0.84796655
      0.50000000         0.00000000       -48.75000000       113.25000000        11.99755152         1.04403004         0.00511854        -4.88683869         0.03965498        -2.30976845
      0.50000000         0.00000000       -48.75000000       208.25000000        13.67574468        -0.25945039         0.18988452        -0.23630452        -2.07349326        -0.70966993
      0.50000000         0.00000000       -48.75000000       157.00000000        12.83907261         0.36275340         0.03552290        -0.97317976        -0.36746149         0.49626761
      0.50000000         0.00000000       -41.25000000       140.75000000        12.24139618        -0.53751953        -0.36416044         1.66151146        -5.56745385        -2.15149401
      0.50000000         0.00000000       -41.25000000       102.00000000        12.44009992         1.49800209         0.07654234         2.48334617         0.52708492        -2.22844739
      0.50000000         0.00000000       -40.00000000       247.00000000        13.77246425        -0.13433542        -0.07581368        -0.13731363        -0.85796796        -0.03745481
      0.50000000         0.00000000       -38.75000000       125.75000000        13.44513476         0.58677718         0.49562062        -3.63448191         1.60515901         0.26506969
      0.50000000         0.00000000       -37.50000000       160.75000000        14.15804937        -0.89414660         0.34015971         2.37675804         3.80571970        -0.71295285
      0.50000000         0.00000000       -36.25000000       163.25000000        12.77655664        -0.44040123         0.25797365        -0.07311860         5.06725325        -2.63531414
      0.50000000         0.00000000       -35.00000000        75.75000000        12.22359491        -0.53164540         1.34972510         2.55297578        -0.90878286        -1.00021856
      0.50000000         0.00000000       -33.75000000        97.00000000        13.74939694        -0.82758009        -0.22633119        -1.60070191        -0.08028354         1.22499686
      0.50000000         0.00000000       -33.75000000       120.75000000        13.04051984         0.03960831        -0.03416703        -1.88034615         0.51885667         0.32095456
      0.50000000         0.00000000       -32.50000000       119.50000000        12.74758822         0.37417516         0.39426451         0.36023841         1.56999470         1.18947621
      0.50000000         0.00000000       -32.50000000       209.50000000        13.67123907         0.18200072        -0.36499432        -0.74158400        -0.88312248        -0.96865662
      0.50000000         0.00000000       -30.00000000         7.00000000         1.66221936         0.26608426        -0.15171122        -0.30712022         0.16181874        -0.46152665
      0.50000000         0.00000000       -30.00000000        39.50000000         9.37966636         1.50147544        -0.85608475        -1.73303551         0.91312006        -2.60432896
      0.50000000         0.00000000       -30.00000000       115.75000000        13.04120421        -0.52637835        -0.20599332         0.72120864         0.09267915         3.03737797
      0.50000000         0.00000000       -30.00000000        59.50000000        11.12289139        -1.01220355        -0.37907514         2.37052338        -1.33295070         0.41919456
      0.50000000         0.00000000       -30.00000000       129.50000000        13.33723851         1.13273832        -0.32918153         0.41483889         2.33126099         0.71950873
      0.50000000         0.00000000       -27.50000000       264.50000000        13.77246425        -0.13433542        -0.07581368        -0.13731363        -0.85796796        -0.03745481
      0.50000000         0.00000000       -26.25000000       274.50000000        13.77246425        -0.13433542        -0.07581368        -0.13731363        -0.85796796        -0.03745481
      0.50000000         0.00000000       -26.25000000       238.25000000        13.77246425        -0.13433542        -0.07581368        -0.13731363        -0.85796796        -0.03745481
      0.50000000         0.00000000       -25.00000000        34.50000000         8.33430638         0.42331231         0.22903176        -0.01648338         0.13292283         0.17693596
      0.50000000         0.00000000       -23.75000000         5.75000000         1.35710253         0.00614499         0.01298690        -0.03378568         0.13517395         0.02262450
      0.50000000         0.00000000       -23.75000000       103.25000000        12.95090222         1.29638814         0.07490021         0.45443378        -0.91173804         0.29787103
      0.50000000         0.00000000       -23.75000000       138.25000000        14.46680828        -0.75133558        -0.31145709        -1.49174012        -1.79686487        -0.15288302
      0.50000000         0.00000000       -22.50000000       127.00000000        13.41680611         0.32890456        -1.33512448        -2.16312308        -2.34702711        -0.09068026
      0.50000000         0.00000000       -21.25000000       162.00000000        13.64534127         0.19344768         0.77346556        -1.07255261         1.79300554         0.15116772
      0.50000000         0.00000000       -17.50000000       110.75000000        13.17777784         0.85191658         0.29285865        -2.92458423        -1.05325596        -3.77281601
      0.50000000         0.00000000       -15.00000000        30.75000000         6.75729289         0.19501703        -0.05415166         1.47742558        -2.18198970         0.20491332
      0.50000000         0.00000000       -15.00000000        45.75000000        10.05353333         0.29014729        -0.08056710         2.19812099        -3.24637493         0.30487103
      0.50000000         0.00000000       -10.00000000       237.00000000        13.77246425        -0.13433542        -0.07581368        -0.13731363        -0.85796796        -0.03745481
      0.50000000         0.00000000        -7.50000000       235.75000000        13.77246425        -0.13433542        -0.07581368        -0.13731363        -0.85796796        -0.03745481
      0.50000000         0.00000000        -7.50000000       113.25000000        13.19728463        -0.57666417         0.15361171        -0.90015927         2.52415195         3.81203053
      0.50000000         0.00000000        -6.25000000        27.00000000         6.04931090        -0.60365813         0.34063125        -0.57825626         0.54189794        -1.29255445
      0.50000000         0.00000000        -6.25000000        33.25000000         7.44961435        -0.74339381         0.41948108        -0.71211188         0.66733728        -1.59175687
      0.50000000         0.00000000        -6.25000000        85.75000000        13.06717208         0.73843632         0.20824205         2.25812845         0.40448009         2.67537679
      0.50000000         0.00000000        -5.00000000       224.50000000        13.82152676        -0.42456430         0.07021762        -0.06794942        -1.17334153        -0.07634057
      0.50000000         0.00000000        -5.00000000       117.00000000        13.61131138        -0.96008630        -0.83290953        -4.37448102         1.81834072         0.26426040
      0.50000000         0.00000000        -3.75000000        44.50000000         9.70897260        -1.33500261         0.40949131        -1.77879782         0.99133940        -2.25036030
      0.50000000         0.00000000        -2.50000000       273.25000000        13.77246425        -0.13433542        -0.07581368        -0.13731363        -0.85796796        -0.03745481
      0.50000000         0.00000000        -2.50000000       260.75000000        13.77246425        -0.13433542        -0.07581368        -0.13731363        -0.85796796        -0.03745481
      0.50000000         0.00000000         1.25000000       223.25000000        13.47357138        -0.06238053        -0.06665927         0.11736550        -1.08270594         0.16937421
      0.50000000         0.00000000         2.50000000        20.75000000         4.28186349        -0.00478475        -0.09277741         0.93858779        -0.07151708         0.84132603
      0.50000000         0.00000000         3.75000000       242.00000000        13.77246425        -0.13433542        -0.07581368        -0.13731363        -0.85796796        -0.03745481
      0.50000000         0.00000000         3.75000000       219.50000000        13.43602929        -0.30577197         0.13377346         0.16094458        -1.21733041        -0.55644221
      0.50000000         0.00000000         3.75000000        48.25000000         9.59601338        -0.01363792         0.36491468         2.41867142        -1.62872256         1.47712489
      0.50000000         0.00000000         5.00000000         2.00000000         0.40174638         0.02779811         0.02817655         0.09796088        -0.12218484         0.10948538
      0.50000000         0.00000000         6.25000000       119.50000000        13.39026834         0.79601268        -0.42009165        -1.62090872         0.80458514        -0.12696071
      0.50000000         0.00000000         7.50000000       172.00000000        13.24696364         0.62768309         0.16046243         0.69378673        -2.46392011         1.06913214
      0.50000000         0.00000000         8.75000000        94.50000000        11.89592278        -1.08403165        -0.36413248        -2.14862641         1.01828386         3.89732237
      0.50000000         0.00000000         8.75000000       153.25000000        12.14933979        -0.76656941        -0.21234586         0.63199936        -0.73340015         1.95114111
      0.50000000         0.00000000         8.75000000       194.50000000        13.54678225         0.49645226        -0.11560753         0.45616605        -1.79449816         1.47170581
      0.50000000         0.00000000        10.00000000       277.00000000        13.77246425        -0.13433542        -0.07581368        -0.13731363        -0.85796796        -0.03745481
      0.50000000         0.00000000        13.75000000       199.50000000        14.18963423        -0.78651756        -0.50700608         0.90831548         0.03526753         0.68307878
      0.50000000         0.00000000        13.75000000       240.75000000        13.77246425        -0.13433542        -0.07581368        -0.13731363        -0.85796796        -0.03745481
      0.50000000         0.00000000        15.00000000       148.25000000        12.16027265         0.90755072        -0.37427509         1.79743629         2.58535019        -3.37980421
      0.50000000         0.00000000        15.00000000       173.25000000        14.62741894        -0.86198379        -0.62328320         0.47014023        -1.33101870         0.84897987
      0.50000000         0.00000000        17.50000000        52.00000000        11.44948439        -0.64540249        -0.80405781         0.06738724         1.10467529         1.89515647
      0.50000000         0.00000000        17.50000000       199.50000000        14.39049735         0.05013963        -0.24452486        -1.01435151        -2.16128037         0.12713055
      0.50000000         0.00000000        18.75000000       109.50000000        13.22747575         0.62996875        -0.06162446         0.83966781        -1.85486006        -1.10518958
      0.50000000         0.00000000        18.75000000       103.25000000        11.94036588         0.05158279         0.03443311        -2.08463624        -0.31325310         0.99459914
      0.50000000         0.00000000        22.50000000        27.00000000         6.52122053         0.63092878         0.32558021        -0.70165011         0.21528879        -1.72505480
      0.50000000         0.00000000        23.75000000        63.25000000        11.59601260         0.64265842        -0.56748955        -0.61622491         0.14112169         0.36607704
      0.50000000         0.00000000        25.00000000        55.75000000        11.45879236         0.60379062         0.21539837         3.36004391         5.33491659         2.20036629
      0.50000000         0.00000000        27.50000000        52.00000000        11.54521492         0.80831203        -0.26238926        -0.77966942         1.19916427        -0.29279778
      0.50000000         0.00000000        27.50000000        92.00000000        12.07801027        -0.49691228        -0.30720652        -2.29488554        -0.08271885        -1.28389488
      0.50000000         0.00000000        28.75000000        47.00000000        11.69736468         0.65334703        -0.84788239        -1.29137146         1.47425127        -3.85184745
      0.50000000         0.00000000        28.75000000       103.25000000        12.42153202         0.09112079         0.04916272         0.91635311        -1.34504458        -0.05717710
      0.50000000         0.00000000        31.25000000       235.75000000        13.77246425        -0.13433542        -0.07581368        -0.13731363        -0.85796796        -0.03745481
      0.50000000         0.00000000        31.25000000       272.00000000        13.77246425        -0.13433542        -0.07581368        -0.13731363        -0.85796796        -0.03745481
      0.50000000         0.00000000        31.25000000       149.50000000        13.08747362         0.31886191        -1.05005826        -0.93319829        -1.13949101         0.97741831
      0.50000000         0.00000000        33.75000000       238.25000000        13.77246425        -0.13433542        -0.07581368        -0.13731363        -0.85796796        -0.03745481
      0.50000000         0.00000000        37.50000000       122.00000000        12.83892548         0.46423423        -0.71853787         1.06375074         0.87298731        -1.67918232
      0.50000000         0.00000000        38.75000000       194.50000000        14.46534019        -0.17363295        -0.80431915        -0.63770643        -0.77952216         0.60020766
      0.50000000         0.00000000        40.00000000        83.25000000        11.65446750         0.27404319         0.04788084        -1.80821054        -2.40145589         1.10086462
      0.50000000         0.00000000        40.00000000       183.25000000        14.81505842        -0.97501412        -0.15576040        -1.34504320         0.00989117         1.46222427
      0.50000000         0.00000000        41.25000000       225.75000000        13.98692949        -0.42589235         0.06199331        -0.45477491        -0.56563563         0.35302314
      0.50000000         0.00000000        41.25000000        92.00000000        11.96117496        -0.21473309         0.10801492         0.66523617         3.28336438        -1.04261611
      0.50000000         0.00000000        42.50000000       178.25000000        14.81096138        -1.62092809         0.87908436        -1.01509646         0.88053052         1.62737007
      0.50000000         0.00000000        43.75000000        12.00000000         2.86556833         0.01441161        -0.06799020        -0.60254207        -0.00980021        -0.06613855
      0.50000000         0.00000000        45.00000000       102.00000000        13.03440195        -1.94503384         1.23503289        -2.44807619         1.01856790        -1.27229939
      0.50000000         0.00000000        48.75000000        28.25000000         6.38389599        -0.61150365         0.22425018        -2.80217896         0.36480093         1.21894333
      0.50000000         0.00000000        51.25000000       182.00000000        13.26710353        -0.09938070         0.46565514         0.85580658        -0.31377476         1.16805338
      0.50000000         0.00000000        51.25000000       197.00000000        13.41013017        -0.10927355         0.31240923         0.57473478        -0.46779173         0.82687177
      0.50000000         0.00000000        52.50000000        28.25000000         6.54290511        -0.13722691         0.51655501         0.69395049         1.24234081        -0.98266385
      0.50000000         0.00000000        52.50000000       257.00000000        13.77246425        -0.13433542        -0.07581368        -0.13731363        -0.85796796        -0.03745481
      0.50000000         0.00000000        53.75000000        69.50000000        11.11712832         1.00573584        -0.26192815         1.08489781        -1.03611009         0.76009483
      0.50000000         0.00000000        55.00000000        54.50000000        11.57804176        -0.49411178        -0.85793535        -0.28546290        -1.70726738         0.16632304
      0.50000000         0.00000000        58.75000000       219.50000000        13.71162393        -0.34540000        -0.19110339        -0.02235182        -0.71369023         0.43732143
      0.50000000         0.00000000        60.00000000        22.00000000         4.79800515         0.38758912         0.59046408        -0.42119415        -0.28469200         1.13869279
      0.50000000         0.00000000        60.00000000       235.75000000        13.77246425        -0.13433542        -0.07581368        -0.13731363        -0.85796796        -0.03745481
      0.50000000         0.00000000        61.25000000       115.75000000        12.01751792        -1.74493609        -0.17634410        -2.09505549         0.64735458        -3.73322197
      0.50000000         0.00000000        62.50000000       104.50000000        11.68167767        -1.48620121         0.05053545         1.68341463        -1.09901480        -2.10072022
      0.50000000         0.00000000        62.50000000        98.25000000        11.99314812        -0.30820459         0.74795234         3.82969165         3.47399365        -7.96765795
      0.50000000         0.00000000        65.00000000        45.75000000        10.07624143         0.64340035        -0.22711323         0.61304057        -3.97282446         0.56551548
      0.50000000         0.00000000        68.75000000       259.50000000        13.77246425        -0.13433542        -0.07581368        -0.13731363        -0.85796796        -0.03745481
      0.50000000         0.00000000        68.75000000        93.25000000        11.93227425         0.39405081        -0.09234245         3.74596579         1.04588680         0.24364506
      0.50000000         0.00000000        68.75000000       138.25000000        13.81643333        -0.63346102         0.37838395        -1.56732466         0.38056482         0.52236883
      0.50000000         0.00000000        70.00000000        59.50000000        11.67908102        -1.19582032        -0.19579414        -1.20250956        -3.01866838         3.56203892
      0.50000000         0.00000000        70.00000000       150.75000000        12.90173030        -0.09035450        -0.41106014         1.39049156         1.29677377        -1.96298102
      0.50000000         0.00000000        71.25000000       213.25000000        13.33503738        -0.31680331         0.21726992         0.05846301         0.57072498        -0.35480018
      0.50000000         0.00000000        72.50000000       137.00000000        13.46962683        -0.25943790        -0.01683330        -0.15103014        -0.36328454         1.54870719
      0.50000000         0.00000000        73.75000000        45.75000000        10.12483290         0.58226893        -0.19523539         0.42143558        -3.42335543         0.42245817
      0.50000000         0.00000000        75.00000000       109.50000000        12.84936885        -0.29320258        -0.20454674         0.87934621         2.38907860        -0.02686983
      0.50000000         0.00000000        76.25000000        39.50000000         8.75364566         0.48764395        -0.16070019         0.31659686        -2.82013965         0.32945560
      0.50000000         0.00000000        78.75000000       122.00000000        12.15054041        -1.05532941         0.04824360        -1.11595027         0.21933262        -0.12529297
      0.50000000         0.00000000        78.75000000       149.50000000        13.12146077         0.02064051        -0.71318637        -0.07497880         0.09752105        -0.60509936
      0.50000000         0.00000000        81.25000000       113.25000000        12.69156700        -1.44278903        -0.38267947        -1.83289685         0.60686089        -2.49145520
      0.50000000         0.00000000        82.50000000       223.25000000        13.58561370        -0.21227811         0.04937944        -0.05368600        -0.24768979        -0.17301154
      0.50000000         0.00000000        85.00000000       223.25000000        13.59660491        -0.20769324         0.04201514        -0.05860527        -0.28358851        -0.16503762
      0.50000000         0.00000000        85.00000000        94.50000000        12.06195905         0.09044534         0.10173720         2.61336038         1.10371954        -1.39783269
      0.50000000         0.00000000        85.00000000       163.25000000        12.59407575        -0.46034996         0.06816566         0.41816238         1.05733890         0.08631319
      0.50000000         0.00000000        90.00000000       173.25000000        12.96379149        -0.47166451         0.46601111         0.22461939         1.78326219        -0.62413241
      0.50000000         0.00000000        91.25000000        94.50000000        12.11805782         0.04373995         0.10531004         2.17331949         0.95843222        -1.20386727
      0.50000000         0.00000000        92.50000000        57.00000000        11.14540308        -0.28130835        -0.58327613        -1.44473302        -2.90766076         2.12135629
      0.50000000         0.00000000        92.50000000        33.25000000         7.43416035         0.32797438        -0.09224657         0.00788804        -1.63228196         0.08423826
      0.50000000         0.00000000        93.75000000        78.25000000        11.99903060        -0.34510989        -0.26424509         0.49959860         2.35706874         0.98320238
      0.50000000         0.00000000        96.25000000       218.25000000        13.59227855        -0.20949794         0.04491387        -0.05666895        -0.26945809        -0.16817631
      0.50000000         0.00000000       100.00000000        60.75000000        11.58424125        -0.33048478        -0.03436385        -0.30366168        -1.04413514         1.74159299
      0.50000000         0.00000000       101.25000000       115.75000000        12.51638008        -0.87895353        -0.04140559        -1.27433960         0.61510806        -1.92452306
      0.50000000         0.00000000       103.75000000        63.25000000        11.74768800         0.30237480         0.07205925        -1.16086381        -0.27102383         1.37966078
      0.50000000         0.00000000       105.00000000        14.50000000         3.26396549         0.11534787        -0.02579446        -0.08331334        -0.46303842        -0.02803676
      0.50000000         0.00000000       105.00000000        45.75000000        10.29837386         0.36394241        -0.08138596        -0.26286794        -1.46096603        -0.08846081
      0.50000000         0.00000000       105.00000000        24.50000000         5.51497617         0.19489812        -0.04358374        -0.14077081        -0.78237525        -0.04737246
      0.50000000         0.00000000       106.25000000        63.25000000        11.71023061         0.27264557         0.05614952        -1.02952841        -0.20376802         1.26951476
      0.50000000         0.00000000       107.50000000       218.25000000        13.66278601        -0.18008651        -0.00232735        -0.08822557        -0.49974460        -0.11702441
      0.50000000         0.00000000       108.75000000       147.00000000        13.22272371         0.09191753        -0.49673337        -0.64367073        -0.42738598         0.27854468
      0.50000000         0.00000000       110.00000000       253.25000000        13.77246425        -0.13433542        -0.07581368        -0.13731363        -0.85796796        -0.03745481
      0.50000000         0.00000000       111.25000000       219.50000000        13.69271953        -0.16760007        -0.02238333        -0.10162274        -0.59751135        -0.09530818
      0.50000000         0.00000000       112.50000000       107.00000000        12.42552186        -0.19318461        -0.21291071         0.05099222        -0.70658981         0.32089652
      0.50000000         0.00000000       113.75000000        70.75000000        11.42468368        -0.04367361         0.04301181         0.28417335        -0.46075307         1.21771415
      0.50000000         0.00000000       113.75000000       234.50000000        13.77035958        -0.13521336        -0.07440351        -0.13637165        -0.85109384        -0.03898171
      0.50000000         0.00000000       115.00000000       214.50000000        13.69575965        -0.16633192        -0.02442027        -0.10298339        -0.60744078        -0.09310263
      0.50000000         0.00000000       117.50000000       184.50000000        13.63074782        -0.19345090         0.01913879        -0.07388642        -0.39510370        -0.14026755
      0.50000000         0.00000000       117.50000000        12.00000000         2.71942039         0.07255391        -0.00940228        -0.14074475        -0.17731417        -0.07680745
      0.50000000         0.00000000       118.75000000        54.50000000        11.01610414         0.06004275        -0.29496777         0.02939650        -0.97102553         0.40425931
      0.50000000         0.00000000       120.00000000       265.75000000        13.77246425        -0.13433542        -0.07581368        -0.13731363        -0.85796796        -0.03745481
      0.50000000         0.00000000       126.25000000        39.50000000         8.98738540         0.19358321        -0.00735809        -0.60508137        -0.17702658        -0.35869357
      0.50000000         0.00000000       127.50000000       105.75000000        12.62414109         0.19574936        -0.11678975        -0.41528843        -0.61092160         0.40457877
      0.50000000         0.00000000       131.25000000       132.00000000        13.13274582        -0.31771889         0.02828093         0.22520516         1.04395392        -0.33957624
      0.50000000         0.00000000       131.25000000       150.75000000        13.19668562         0.16266101        -0.19554495         0.27906865        -0.32223982         0.46055303
      0.50000000         0.00000000       132.50000000       144.50000000        13.08104886        -0.03960253        -0.08391903         0.40062168         0.09614771         0.12283713
      0.50000000         0.00000000       132.50000000        52.00000000        10.90253559         0.01580322        -0.29731916         0.11968189        -0.83726204        -0.03047385
      0.50000000         0.00000000       135.00000000       210.75000000        13.77246425        -0.13433542        -0.07581368        -0.13731363        -0.85796796        -0.03745481
      0.50000000         0.00000000       140.00000000         2.00000000         0.45505749         0.00980168        -0.00037256        -0.03063703        -0.00896337        -0.01816170
      0.50000000         0.00000000       141.25000000       274.50000000        13.77246425        -0.13433542        -0.07581368        -0.13731363        -0.85796796        -0.03745481
      0.50000000         0.00000000       143.75000000       234.50000000        13.77246425        -0.13433542        -0.07581368        -0.13731363        -0.85796796        -0.03745481
      0.50000000         0.00000000       145.00000000       164.50000000        13.19311075         0.03970442         0.42011758         0.56535952        -0.08244043         0.37585378
      0.50000000         0.00000000       148.75000000       168.25000000        13.67500983        -0.05048967         0.09318847         0.69935524         0.75008148         0.08000376
      0.50000000         0.00000000       153.75000000        44.50000000        10.12502912         0.21808741        -0.00828950        -0.68167395        -0.19943501        -0.40409782
      0.50000000         0.00000000       153.75000000       100.75000000        12.88524977        -0.25164470         0.02181981        -0.43769238        -0.32729809        -0.13419699
      0.50000000         0.00000000       155.00000000       162.00000000        13.06642802         0.13732431         0.30890780         0.19433305        -0.25964951         0.37058927
      0.50000000         0.00000000       155.00000000       140.75000000        13.10532646        -0.18522906         0.00369654         0.15852595        -0.25233381         0.39751450
      0.50000000         0.00000000       155.00000000       193.25000000        13.77246425        -0.13433542        -0.07581368        -0.13731363        -0.85796796        -0.03745481
      0.50000000         0.00000000       157.50000000       150.75000000        13.19668562         0.16266101        -0.19554495         0.27906865        -0.32223982         0.46055303
      0.50000000         0.00000000       157.50000000       105.75000000        12.62414109         0.19574936        -0.11678975        -0.41528843        -0.61092160         0.40457877
      0.50000000         0.00000000       160.00000000       228.25000000        13.77246425        -0.13433542        -0.07581368        -0.13731363        -0.85796796        -0.03745481
      0.50000000         0.00000000       161.25000000       135.75000000        13.08467681         0.07074346         0.10391276         0.58208591        -0.18350323         0.72790479
      0.50000000         0.00000000       161.25000000       152.00000000        13.18839417         0.15684735        -0.17186638         0.33826680        -0.42304048         0.61205226
      0.50000000         0.00000000       162.50000000        44.50000000        10.12502912         0.21808741        -0.00828950        -0.68167395        -0.19943501        -0.40409782
      0.50000000         0.00000000       166.25000000        17.00000000         3.86798865         0.08331429        -0.00316677        -0.26041477        -0.07618866        -0.15437445
      0.50000000         0.00000000       166.25000000       193.25000000        13.77246425        -0.13433542        -0.07581368        -0.13731363        -0.85796796        -0.03745481
      0.50000000         0.00000000       166.25000000        82.00000000        11.91162522        -0.03563302         0.19115693         0.49091061         0.09383687         0.72363156
      0.50000000         0.00000000       170.00000000       264.50000000        13.77246425        -0.13433542        -0.07581368        -0.13731363        -0.85796796        -0.03745481
      0.50000000         0.00000000       170.00000000       148.25000000        13.16054787         0.10864742        -0.17139437        -0.01743992        -0.10615157        -0.10467974
      0.50000000         0.00000000       171.25000000        10.75000000         2.44593400         0.05268404        -0.00200252        -0.16467404        -0.04817812        -0.09761914
      0.50000000         0.00000000       171.25000000       148.25000000        13.16054787         0.10864742        -0.17139437        -0.01743992        -0.10615157        -0.10467974
      0.50000000         0.00000000       173.75000000       232.00000000        13.77246425        -0.13433542        -0.07581368        -0.13731363        -0.85796796        -0.03745481
      0.50000000         0.00000000       175.00000000       134.50000000        13.08319535         0.06339455         0.10331478         0.64933688         0.07872778         0.59694736
      0.50000000         0.00000000       176.25000000       183.25000000        13.77246425        -0.13433542        -0.07581368        -0.13731363        -0.85796796        -0.03745481
      0.50000000         0.00000000       176.25000000       134.50000000        13.08319535         0.06339455         0.10331478         0.64933688         0.07872778         0.59694736
      0.50000000         0.00000000       176.25000000        53.25000000        10.96011939         0.02243780        -0.26442867         0.23058499        -0.61908518         0.09157261
      0.50000000         0.00000000       176.25000000        60.75000000        11.32683945         0.11204885        -0.07944982         0.57089269         0.01614556         0.33246439
      0.50000000         0.00000000       176.25000000        70.75000000        11.38210241        -0.16489387         0.00794219         0.14555063        -0.36677655         0.52521569
      0.50000000         0.00000000       177.50000000       100.75000000        12.88524977        -0.25164470         0.02181981        -0.43769238        -0.32729809        -0.13419699
      0.50000000         0.00000000       180.00000000       250.75000000        13.77246425        -0.13433542        -0.07581368        -0.13731363        -0.85796796        -0.03745481
      0.50000000         0.00000000       182.50000000       270.75000000        13.77246425        -0.13433542        -0.07581368        -0.13731363        -0.85796796        -0.03745481
      0.50000000         0.00000000       183.75000000        80.75000000        11.93690540        -0.01562207         0.23237052         0.29212000        -0.13264397         0.95032439
      0.50000000         0.00000000       183.75000000        83.25000000        11.88267026        -0.05926366         0.14326713         0.69242003         0.35377798         0.44332692
      0.50000000         0.00000000       186.25000000       194.50000000        13.77246425        -0.13433542        -0.07581368        -0.13731363        -0.85796796        -0.03745481
      0.50000000         0.00000000       187.50000000       263.25000000        13.77246425        -0.13433542        -0.07581368        -0.13731363        -0.85796796        -0.03745481
      0.50000000         0.00000000       187.50000000       264.50000000        13.77246425        -0.13433542        -0.07581368        -0.13731363        -0.85796796        -0.03745481
      0.50000000         0.00000000       190.00000000       145.75000000        13.10965624         0.01541662        -0.11734830         0.18936532         0.03886744        -0.04261623
      0.50000000         0.00000000       193.75000000       242.00000000        13.77246425        -0.13433542        -0.07581368        -0.13731363        -0.85796796        -0.03745481
      0.50000000         0.00000000       195.00000000         7.00000000         1.59270121         0.03430589        -0.00130397        -0.10722961        -0.03137180        -0.06356595
      0.50000000         0.00000000       197.50000000       185.75000000        13.77246425        -0.13433542        -0.07581368        -0.13731363        -0.85796796        -0.03745481
      0.50000000         0.00000000       198.75000000       274.50000000        13.77246425        -0.13433542        -0.07581368        -0.13731363        -0.85796796        -0.03745481
