1
1
3
0
(8 0
((383,111,0) (399,127,23) (0,0,0))
((400,111,0) (415,127,23) (0,0,0))
((383,128,0) (399,143,23) (0,0,0))
((400,128,0) (415,143,23) (0,0,0))
((383,111,24) (399,127,46) (0,0,0))
((400,111,24) (415,127,46) (0,0,0))
((383,128,24) (399,143,46) (0,0,0))
((400,128,24) (415,143,46) (0,0,0))
)
8
FabOnDisk: Cell_D_00085 0
FabOnDisk: Cell_D_00100 0
FabOnDisk: Cell_D_00104 0
FabOnDisk: Cell_D_00081 0
FabOnDisk: Cell_D_00092 0
FabOnDisk: Cell_D_00109 0
FabOnDisk: Cell_D_00108 0
FabOnDisk: Cell_D_00093 0

8,3
3.79907298914895719e+00,-2.17108959066004747e-01,-1.52338764172004360e-02,
3.79787974517103999e+00,-1.81223573856638676e-01,-2.03965244372909561e-02,
3.79857302827896959e+00,-2.18010791517367741e-01,-1.52011957525300268e-02,
3.79788069407891893e+00,-1.80284307352847034e-01,-2.01090288009279777e-02,
7.78664267188813763e+00,-2.75130977970178214e-01,-1.37081354230563866e-02,
7.79749073788691316e+00,-2.34139599571410756e-01,-1.81294456056522134e-02,
7.77986862213357533e+00,-2.74961157559789615e-01,-1.35835036035422876e-02,
7.79962551159177764e+00,-2.33916297270346490e-01,-1.81218522200487994e-02,

8,3
8.17279795839020018e+00,3.32136948647224900e-02,1.44083589166467615e-02,
8.17049378575076091e+00,1.84872331530781864e-01,1.91804561004844665e-02,
8.18197104742490922e+00,3.31595942588717232e-02,1.39732870575472838e-02,
8.17152332950558424e+00,1.84632527052794149e-01,1.93191262712236606e-02,
8.22024344308932342e+00,-1.01339797985761523e-01,1.26657699495872061e-02,
8.19910929510313125e+00,2.38231552109762379e-01,1.64686566276953904e-02,
8.21139045595310790e+00,-1.01763998697077473e-01,1.29776277076448752e-02,
8.19969918461051961e+00,2.36874514134644470e-01,1.65414302707201991e-02,

