1
1
3
0
(8 0
((383,111,0) (399,127,23) (0,0,0))
((400,111,0) (415,127,23) (0,0,0))
((383,128,0) (399,143,23) (0,0,0))
((400,128,0) (415,143,23) (0,0,0))
((383,111,24) (399,127,46) (0,0,0))
((400,111,24) (415,127,46) (0,0,0))
((383,128,24) (399,143,46) (0,0,0))
((400,128,24) (415,143,46) (0,0,0))
)
8
FabOnDisk: Cell_D_00085 0
FabOnDisk: Cell_D_00100 0
FabOnDisk: Cell_D_00104 0
FabOnDisk: Cell_D_00081 0
FabOnDisk: Cell_D_00092 0
FabOnDisk: Cell_D_00109 0
FabOnDisk: Cell_D_00108 0
FabOnDisk: Cell_D_00093 0

8,3
3.85104045823625052e+00,-2.16239049011083456e-01,-1.91104801994983232e-02,
3.85062539381993041e+00,-7.49639543448456375e-02,-1.96036475919998399e-02,
3.85033377829192958e+00,-2.17271107086776466e-01,-1.92964132252607008e-02,
3.84999909819908437e+00,-7.41434542112189149e-02,-1.91050348202292594e-02,
7.78694289897797276e+00,-2.74020160493270659e-01,-1.70631780013755716e-02,
7.78298533534460546e+00,-1.04277805749573946e-01,-1.74232904510516658e-02,
7.78114583191513720e+00,-2.73623916254614241e-01,-1.74137300007409651e-02,
7.78982423403281032e+00,-1.02637789281098055e-01,-1.72922762788466251e-02,

8,3
8.17213447565656814e+00,3.41813247988068530e-02,1.84478912504514730e-02,
8.18020861968335744e+00,2.14713043790624364e-01,1.86726890084228277e-02,
8.18088859497065890e+00,3.41638538279795054e-02,1.76769798767583176e-02,
8.17271431423174199e+00,2.14623710792644057e-01,1.87716205628690562e-02,
8.21881178348666630e+00,3.00204474766306330e-02,1.57965573171215054e-02,
8.21121912290125167e+00,2.69018958743396985e-01,1.61000744702203165e-02,
8.21015563591369002e+00,3.09027045109904371e-02,1.55580832324754368e-02,
8.21733056054160826e+00,2.70065284217841539e-01,1.61834263642643972e-02,

