0,0,0,0,0,0.033161256,0,0,0,0,0,0,0,0,0,0,0,0,0
0.0125,0,0,0,0,0.033160739,0,0,0,0,0,0,0,0,0,0,0,0,0
0.025,0,0,0,0,0.033159189,0,0,0,0,0,0,0,0,0,0,0,0,0
0.0375,0,0,0,0,0.033156615,0,0,0,0,0,0,0,0,0,0,0,0,0
0.05,0,0,0,0,0.033153016,0,0,0,0,0,0,0,0,0,0,0,0,0
0.0625,0,0,0,0,0.033148408,0,0,0,0,0,0,0,0,0,0,0,0,0
0.075,0,0,0,0,0.033142798,0,0,0,0,0,0,0,0,0,0,0,0,0
0.0875,0,0,0,0,0.033136204,0,0,0,0,0,0,0,0,0,0,0,0,0
0.1,0,0,0,0,0.033128634,0,0,0,0,0,0,0,0,0,0,0,0,0
0.1125,0,0,0,0,0.033120099,0,0,0,0,0,0,0,0,0,0,0,0,0
0.125,0,0,0,0,0.033110615,0,0,0,0,0,0,0,0,0,0,0,0,0
0.1375,0,0,0,0,0.03310018,0,0,0,0,0,0,0,0,0,0,0,0,0
0.15,0,0,0,0,0.033088803,0,0,0,0,0,0,0,0,0,0,0,0,0
0.1625,0,0,0,0,0.033076487,0,0,0,0,0,0,0,0,0,0,0,0,0
0.175,0,0,0,0,0.033063229,0,0,0,0,0,0,0,0,0,0,0,0,0
0.1875,0,0,0,0,0.033049025,0,0,0,0,0,0,0,0,0,0,0,0,0
0.2,0,0,0,0,0.033033878,0,0,0,0,0,0,0,0,0,0,0,0,0
0.2125,0,0,0,0,0.033017781,0,0,0,0,0,0,0,0,0,0,0,0,0
0.225,0,0,0,0,0.033000734,0,0,0,0,0,0,0,0,0,0,0,0,0
0.2375,0,0,0,0,0.032982733,0,0,0,0,0,0,0,0,0,0,0,0,0
0.25,0,0,0,0,0.03296379,0,0,0,0,0,0,0,0,0,0,0,0,0
0.2625,0,0,0,0,0.032943904,0,0,0,0,0,0,0,0,0,0,0,0,0
0.275,0,0,0,0,0.032923087,0,0,0,0,0,0,0,0,0,0,0,0,0
0.2875,0,0,0,0,0.03290135,0,0,0,0,0,0,0,0,0,0,0,0,0
0.3,0,0,0,0,0.032878712,0,0,0,0,0,0,0,0,0,0,0,0,0
0.3125,0,0,0,0,0.032855187,0,0,0,0,0,0,0,0,0,0,0,0,0
0.325,0,0,0,0,0.032830801,0,0,0,0,0,0,0,0,0,0,0,0,0
0.3375,0,0,0,0,0.032805569,0,0,0,0,0,0,0,0,0,0,0,0,0
0.35,0,0,0,0,0.032779519,0,0,0,0,0,0,0,0,0,0,0,0,0
0.3625,0,0,0,0,0.032752667,0,0,0,0,0,0,0,0,0,0,0,0,0
0.375,0,0,0,0,0.032725036,0,0,0,0,0,0,0,0,0,0,0,0,0
0.3875,0,0,0,0,0.032696642,0,0,0,0,0,0,0,0,0,0,0,0,0
0.4,0,0,0,0,0.032667503,0,0,0,0,0,0,0,0,0,0,0,0,0
0.4125,0,0,0,0,0.03263763,0,0,0,0,0,0,0,0,0,0,0,0,0
0.425,0,0,0,0,0.032607038,0,0,0,0,0,0,0,0,0,0,0,0,0
0.4375,0,0,0,0,0.032575738,0,0,0,0,0,0,0,0,0,0,0,0,0
0.45,0,0,0,0,0.032543734,0,0,0,0,0,0,0,0,0,0,0,0,0
0.4625,0,0,0,0,0.032511041,0,0,0,0,0,0,0,0,0,0,0,0,0
0.475,0,0,0,0,0.032477666,0,0,0,0,0,0,0,0,0,0,0,0,0
0.4875,0,0,0,0,0.03244362,0,0,0,0,0,0,0,0,0,0,0,0,0
0.5,0,0,0,0,0.032408915,0,0,0,0,0,0,0,0,0,0,0,0,0
0.5125,0,0,0,0,0.03237357,0,0,0,0,0,0,0,0,0,0,0,0,0
0.525,0,0,0,0,0.032337599,0,0,0,0,0,0,0,0,0,0,0,0,0
0.5375,0,0,0,0,0.032301024,0,0,0,0,0,0,0,0,0,0,0,0,0
0.55,0,0,0,0,0.032263868,0,0,0,0,0,0,0,0,0,0,0,0,0
0.5625,0,0,0,0,0.032226156,0,0,0,0,0,0,0,0,0,0,0,0,0
0.575,0,0,0,0,0.032187924,0,0,0,0,0,0,0,0,0,0,0,0,0
0.5875,0,0,0,0,0.032149192,0,0,0,0,0,0,0,0,0,0,0,0,0
0.6,0,0,0,0,0.032109991,0,0,0,0,0,0,0,0,0,0,0,0,0
0.6125,0,0,0,0,0.032070357,0,0,0,0,0,0,0,0,0,0,0,0,0
0.625,0,0,0,0,0.03203031,0,0,0,0,0,0,0,0,0,0,0,0,0
0.6375,0,0,0,0,0.031989884,0,0,0,0,0,0,0,0,0,0,0,0,0
0.65,0,0,0,0,0.031949099,0,0,0,0,0,0,0,0,0,0,0,0,0
0.6625,0,0,0,0,0.031907983,0,0,0,0,0,0,0,0,0,0,0,0,0
0.675,0,0,0,0,0.03186655,0,0,0,0,0,0,0,0,0,0,0,0,0
0.6875,0,0,0,0,0.03182482,0,0,0,0,0,0,0,0,0,0,0,0,0
0.7,0,0,0,0,0.031782813,0,0,0,0,0,0,0,0,0,0,0,0,0
0.7125,0,0,0,0,0.031740535,0,0,0,0,0,0,0,0,0,0,0,0,0
0.725,0,0,0,0,0.031698007,0,0,0,0,0,0,0,0,0,0,0,0,0
0.7375,0,0,0,0,0.031655241,0,0,0,0,0,0,0,0,0,0,0,0,0
0.75,0,0,0,0,0.031612255,0,0,0,0,0,0,0,0,0,0,0,0,0
0.7625,0,0,0,0,0.03156906,0,0,0,0,0,0,0,0,0,0,0,0,0
0.775,0,0,0,0,0.031525675,0,0,0,0,0,0,0,0,0,0,0,0,0
0.7875,0,0,0,0,0.031482123,0,0,0,0,0,0,0,0,0,0,0,0,0
0.8,0,0,0,0,0.031438425,0,0,0,0,0,0,0,0,0,0,0,0,0
0.8125,0,0,0,0,0.031394605,0,0,0,0,0,0,0,0,0,0,0,0,0
0.825,0,0,0,0,0.031350691,0,0,0,0,0,0,0,0,0,0,0,0,0
0.8375,0,0,0,0,0.031306706,0,0,0,0,0,0,0,0,0,0,0,0,0
0.85,0,0,0,0,0.031262681,0,0,0,0,0,0,0,0,0,0,0,0,0
0.8625,0,0,0,0,0.031218641,0,0,0,0,0,0,0,0,0,0,0,0,0
0.875,0,0,0,0,0.031174609,0,0,0,0,0,0,0,0,0,0,0,0,0
0.8875,0,0,0,0,0.031130614,0,0,0,0,0,0,0,0,0,0,0,0,0
0.9,0,0,0,0,0.031086672,0,0,0,0,0,0,0,0,0,0,0,0,0
0.9125,0,0,0,0,0.031042801,0,0,0,0,0,0,0,0,0,0,0,0,0
0.925,0,0,0,0,0.03099902,0,0,0,0,0,0,0,0,0,0,0,0,0
0.9375,0,0,0,0,0.030955341,0,0,0,0,0,0,0,0,0,0,0,0,0
0.95,0,0,0,0,0.030911772,0,0,0,0,0,0,0,0,0,0,0,0,0
0.9625,0,0,0,0,0.030868324,0,0,0,0,0,0,0,0,0,0,0,0,0
0.975,0,0,0,0,0.030825002,0,0,0,0,0,0,0,0,0,0,0,0,0
0.9875,0,0,0,0,0.030781819,0,0,0,0,0,0,0,0,0,0,0,0,0
1,0,0,0,0,0.030738777,0,0,0,0,0,0,0,0,0,0,0,0,0
