1
1
3
0
(8 0
((383,111,0) (399,127,23) (0,0,0))
((400,111,0) (415,127,23) (0,0,0))
((383,128,0) (399,143,23) (0,0,0))
((400,128,0) (415,143,23) (0,0,0))
((383,111,24) (399,127,46) (0,0,0))
((400,111,24) (415,127,46) (0,0,0))
((383,128,24) (399,143,46) (0,0,0))
((400,128,24) (415,143,46) (0,0,0))
)
8
FabOnDisk: Cell_D_00085 0
FabOnDisk: Cell_D_00100 0
FabOnDisk: Cell_D_00104 0
FabOnDisk: Cell_D_00081 0
FabOnDisk: Cell_D_00092 0
FabOnDisk: Cell_D_00109 0
FabOnDisk: Cell_D_00108 0
FabOnDisk: Cell_D_00093 0

8,3
3.82487871954834535e+00,-2.16692848832586382e-01,-1.81427993108315838e-02,
3.82417322562205442e+00,-1.33526532292925604e-01,-2.00245176980081777e-02,
3.82472983505252628e+00,-2.17696886200682838e-01,-1.74157727843139813e-02,
3.82384947070012160e+00,-1.34006037395784455e-01,-1.97207299394831642e-02,
7.78675689782768643e+00,-2.74719890017894652e-01,-1.63636534415948810e-02,
7.78839301217298541e+00,-1.76233875234460241e-01,-1.77736470852036879e-02,
7.78038934196754894e+00,-2.74252832126934964e-01,-1.57770184305682237e-02,
7.79870273579172313e+00,-1.76402348773680967e-01,-1.77866607601334589e-02,

8,3
8.17199020878921090e+00,3.37450271629082810e-02,1.64264295945356943e-02,
8.17496387519540946e+00,2.10113910968802081e-01,1.89114824310047946e-02,
8.18150135833416670e+00,3.37036339135487889e-02,1.71019991545329278e-02,
8.17307627206899667e+00,2.09318214792890589e-01,1.90543583032700831e-02,
8.21966910125687100e+00,-5.11325373108019385e-02,1.48253065935253486e-02,
8.21160889010245576e+00,2.65393621709571426e-01,1.62407806269508868e-02,
8.21089028919751307e+00,-5.12758649410191072e-02,1.47332203676065285e-02,
8.20663315105847602e+00,2.67428190661495813e-01,1.63629808051551293e-02,

