1
1
3
0
(8 0
((383,111,0) (399,127,23) (0,0,0))
((400,111,0) (415,127,23) (0,0,0))
((383,128,0) (399,143,23) (0,0,0))
((400,128,0) (415,143,23) (0,0,0))
((383,111,24) (399,127,46) (0,0,0))
((400,111,24) (415,127,46) (0,0,0))
((383,128,24) (399,143,46) (0,0,0))
((400,128,24) (415,143,46) (0,0,0))
)
8
FabOnDisk: Cell_D_00085 0
FabOnDisk: Cell_D_00100 0
FabOnDisk: Cell_D_00104 0
FabOnDisk: Cell_D_00081 0
FabOnDisk: Cell_D_00092 0
FabOnDisk: Cell_D_00109 0
FabOnDisk: Cell_D_00108 0
FabOnDisk: Cell_D_00093 0

8,3
3.83801435149138381e+00,-2.16280539982228098e-01,-1.84284067450012010e-02,
3.83749021148322100e+00,-1.05107079644195939e-01,-1.98016675987019337e-02,
3.83757030208275030e+00,-2.17221575810055301e-01,-1.90124896389647392e-02,
3.83698815185898789e+00,-1.04969434977431442e-01,-1.94683803681888166e-02,
7.78679030980749864e+00,-2.74143873524102577e-01,-1.70684504733953531e-02,
7.78462599216935125e+00,-1.41005020887208149e-01,-1.75923176453949837e-02,
7.78070819230335964e+00,-2.73979300979905305e-01,-1.69519068364789791e-02,
7.79534271229820774e+00,-1.41331887110516807e-01,-1.75547792842141274e-02,

8,3
8.17202818759600014e+00,3.39923071397247936e-02,1.75703039853635917e-02,
8.17860881876250900e+00,2.14689093817075016e-01,1.87663786443245696e-02,
8.18118617756099376e+00,3.39656211861329924e-02,1.76971621230273719e-02,
8.17295407055635792e+00,2.14655475525579759e-01,1.88615864161177579e-02,
8.21921974708192060e+00,-9.61765333640365004e-03,1.47894272444627113e-02,
8.21158554276549424e+00,2.69253122679817658e-01,1.61993207399775546e-02,
8.21023019010176647e+00,-1.17984499884803591e-02,1.55156182956219992e-02,
8.21392258132970277e+00,2.70727633230522680e-01,1.62377746023515193e-02,

