                   201   NumCoords   ! The number of coordinates in the airfoil shape file (including an extra coordinate for airfoil reference).  Set to zero if coordinates not included.
! ......... x-y coordinates are next if NumCoords > 0 .............
! x-y coordinate of airfoil reference
!  x/c        y/c
 0.882491       0
! coordinates of airfoil shape
! interpolation to 200 points
!  x/c        y/c
 1.00000000000000e+00 -1.35681324952736e-02
 9.99429683992583e-01 -1.61172572703605e-02
 9.98063017832965e-01 -2.21616149342041e-02
 9.95573914266674e-01 -3.29392447388972e-02
 9.92086309749559e-01 -4.75451814080665e-02
 9.87686148675057e-01 -6.51635834885912e-02
 9.82330525170640e-01 -8.54184921712558e-02
 9.76011908335692e-01 -1.07686344556221e-01
 9.68787467298381e-01 -1.31063402237716e-01
 9.60674860259240e-01 -1.54778664205901e-01
 9.51675358763677e-01 -1.78105570968299e-01
 9.41827652746244e-01 -2.00248705980270e-01
 9.31175295355131e-01 -2.18371232787716e-01
 9.19730397431178e-01 -2.35890823259513e-01
 9.07524559194720e-01 -2.52860027488299e-01
 8.94610408070308e-01 -2.69251289619518e-01
 8.81009696499435e-01 -2.85021974671865e-01
 8.66747905197194e-01 -3.00108460836098e-01
 8.51890258171205e-01 -3.14464725227638e-01
 8.36469462621421e-01 -3.28095351603833e-01
 8.20513485943698e-01 -3.41009121565978e-01
 8.04073832217581e-01 -3.53178720909429e-01
 7.87191529885653e-01 -3.64553398640322e-01
 7.69897919101553e-01 -3.75117646632882e-01
 7.52252341235159e-01 -3.84186545873123e-01
 7.34291349178558e-01 -3.89316796237523e-01
 7.16044924955764e-01 -3.93724879992120e-01
 6.97571640033109e-01 -3.97792771543969e-01
 6.78906186433687e-01 -4.01500792735877e-01
 6.60080312620540e-01 -4.04410564395525e-01
 6.41147517137212e-01 -4.06791048335397e-01
 6.22137650968852e-01 -4.08881299482342e-01
 6.03087998194415e-01 -4.10879760964944e-01
 5.84045042118975e-01 -4.12008789130781e-01
 5.65030897687003e-01 -4.12047135344489e-01
 5.46088602779599e-01 -4.11511392667533e-01
 5.27248673916899e-01 -4.10679222839614e-01
 5.08535950506088e-01 -4.09769586242163e-01
 4.89992355470388e-01 -4.08669051911381e-01
 4.71632114506831e-01 -4.06775136006084e-01
 4.53492503744347e-01 -4.04423401253488e-01
 4.35593302897673e-01 -4.01597393676135e-01
 4.17956065616942e-01 -3.98321052958739e-01
 4.00609748442576e-01 -3.94680526802377e-01
 3.83560931606009e-01 -3.90309988914054e-01
 3.66843215733716e-01 -3.86013582429336e-01
 3.50457316320503e-01 -3.81774772264286e-01
 3.34434484008630e-01 -3.77382647744491e-01
 3.18774100329315e-01 -3.72490529367762e-01
 3.03499623121295e-01 -3.67036503930980e-01
 2.88611293565648e-01 -3.61074497557386e-01
 2.74124386665666e-01 -3.54663225879904e-01
 2.60041455523719e-01 -3.47959753356636e-01
 2.46374872015917e-01 -3.41470708906247e-01
 2.33123443938834e-01 -3.35164558661331e-01
 2.20293777810423e-01 -3.28564316779686e-01
 2.07883282965331e-01 -3.21581444287337e-01
 1.95902956391646e-01 -3.14409028726877e-01
 1.84341253066628e-01 -3.07148172473156e-01
 1.73213930954160e-01 -2.99657542499329e-01
 1.62499176129638e-01 -2.91776120172052e-01
 1.52214602777260e-01 -2.83886617250062e-01
 1.42331759398971e-01 -2.76352775825311e-01
 1.32872111539190e-01 -2.69151919290798e-01
 1.23806439629760e-01 -2.61722235887757e-01
 1.15147623386077e-01 -2.53588064812060e-01
 1.06887208802748e-01 -2.44948288189395e-01
 9.90071115215634e-02 -2.36472022517863e-01
 9.15234043853439e-02 -2.28671334243232e-01
 8.43970428172224e-02 -2.21249223919618e-01
 7.76464790199521e-02 -2.13620632923849e-01
 7.12479082120209e-02 -2.05422178311865e-01
 6.51878662973747e-02 -1.96788987675439e-01
 5.94874721274202e-02 -1.88288499745710e-01
 5.41002464180900e-02 -1.80293197730578e-01
 4.90378786701877e-02 -1.72798253412340e-01
 4.43003497573338e-02 -1.65374696610780e-01
 3.98423597346806e-02 -1.57650724642150e-01
 3.56899752436130e-02 -1.49621452745344e-01
 3.18292350050658e-02 -1.40408619659733e-01
 2.82200072057899e-02 -1.31118549299959e-01
 2.48925247792699e-02 -1.21907737347410e-01
 2.18286683030034e-02 -1.12769732376691e-01
 1.89846947131331e-02 -1.03667839190110e-01
 1.63921917020335e-02 -9.45912283252050e-02
 1.40446346341990e-02 -8.55319789158743e-02
 1.18798249846349e-02 -7.76245497411726e-02
 9.93094518736223e-03 -7.14852738122298e-02
 8.21940795734749e-03 -6.54981793617555e-02
 6.65838622137879e-03 -5.96758362562642e-02
 5.26774192850643e-03 -5.42489627522966e-02
 4.09515753852961e-03 -4.93149072097602e-02
 3.09878859713640e-03 -4.43650387063120e-02
 2.19660773551101e-03 -3.91137950332634e-02
 1.46264176301869e-03 -3.36017831542497e-02
 9.64484608297914e-04 -2.60665812851473e-02
 5.99373867982851e-04 -1.82063590310283e-02
 2.90086645599082e-04 -1.11569409864388e-02
 7.80707788302466e-05 -5.06382307391692e-03
 0.00000000000000e+00  0.00000000000000e+00
 7.80412061165972e-05  5.05925658245499e-03
 2.89878724192004e-04  1.11253070609593e-02
 5.98775316682048e-04  1.82131718630687e-02
 9.63326351634835e-04  2.64988966725748e-02
 1.45966821282819e-03  3.68903019930932e-02
 2.19097636449990e-03  4.45333508114761e-02
 3.08997841959778e-03  5.19025305443837e-02
 4.08271112470316e-03  5.88225975796451e-02
 5.24853124383664e-03  6.51888471424158e-02
 6.63128223001261e-03  7.20063502656551e-02
 8.18368429859057e-03  7.94382389578148e-02
 9.88361416849065e-03  8.71203436021222e-02
 1.18176401547236e-02  9.51961978560115e-02
 1.39661993216829e-02  1.03409650183413e-01
 1.62951420791042e-02  1.11430961384958e-01
 1.88631937781153e-02  1.19237916679538e-01
 2.16807137532775e-02  1.26774273824214e-01
 2.47159162958630e-02  1.34495245738468e-01
 2.80064400105862e-02  1.42833711601885e-01
 3.15762558914965e-02  1.51752586593430e-01
 3.53948396168776e-02  1.61018404908917e-01
 3.94949825480075e-02  1.70187142677793e-01
 4.38979282781582e-02  1.79100995297207e-01
 4.85758075737765e-02  1.87420903602777e-01
 5.35679916138119e-02  1.95755451052385e-01
 5.88818211488708e-02  2.04967003480881e-01
 6.45001629027312e-02  2.15236880232479e-01
 7.04692046391145e-02  2.25872834896590e-01
 7.67740309924711e-02  2.35888905259423e-01
 8.34162127168367e-02  2.44938049289169e-01
 9.04290195190654e-02  2.53629865658702e-01
 9.77906533229447e-02  2.62713973303327e-01
 1.05536187198748e-01  2.72696290491855e-01
 1.13658760041779e-01  2.83061659196701e-01
 1.22161483318940e-01  2.93151639380650e-01
 1.31067498602735e-01  3.02537246930474e-01
 1.40354649921884e-01  3.11646474445813e-01
 1.50055110786138e-01  3.21009850130148e-01
 1.60148962661562e-01  3.30812435387955e-01
 1.70658187899640e-01  3.40702940829671e-01
 1.81574957422924e-01  3.50176153590605e-01
 1.92907571409635e-01  3.59356527256767e-01
 2.04657634577812e-01  3.68681661162191e-01
 2.16817353069425e-01  3.78008888689299e-01
 2.29396483963478e-01  3.86949794716576e-01
 2.42377800694080e-01  3.95124656630135e-01
 2.55773624268338e-01  4.03142845628046e-01
 2.69566785632899e-01  4.11610368577057e-01
 2.83765797226135e-01  4.19799744370366e-01
 2.98347982887804e-01  4.27176440270545e-01
 3.13318978785268e-01  4.33767767729758e-01
 3.28658461892810e-01  4.40881064529464e-01
 3.44364941645546e-01  4.47861509057087e-01
 3.60419773725681e-01  4.54145488237645e-01
 3.76811233766957e-01  4.60233990459498e-01
 3.93525251020729e-01  4.66003397803595e-01
 4.10538642553571e-01  4.70806918239326e-01
 4.27843232490823e-01  4.75553263788204e-01
 4.45406663468198e-01  4.79566859415006e-01
 4.63222254103030e-01  4.83042041943107e-01
 4.81251545655716e-01  4.85872895782260e-01
 4.99481026671737e-01  4.88460609153423e-01
 5.17879583085697e-01  4.89079446280066e-01
 5.36417631367010e-01  4.88550303991163e-01
 5.55075704909560e-01  4.87190096535266e-01
 5.73808427242608e-01  4.84859130515346e-01
 5.92596731105059e-01  4.81772755664128e-01
 6.11401377553511e-01  4.77907213336013e-01
 6.30186430605241e-01  4.73370684648139e-01
 6.48926781663159e-01  4.68253800847578e-01
 6.67570206424973e-01  4.62531949754770e-01
 6.86088429590952e-01  4.56166318049391e-01
 7.04445389043917e-01  4.49273232723462e-01
 7.22592093722966e-01  4.42158838180305e-01
 7.40501800453524e-01  4.34937937761854e-01
 7.58125457122835e-01  4.27467058037590e-01
 7.75421014376153e-01  4.19135534615673e-01
 7.92362373587600e-01  4.09698578008410e-01
 8.08894546151696e-01  3.99630202522941e-01
 8.24974633014891e-01  3.89266925831743e-01
 8.40576952273409e-01  3.78447812359983e-01
 8.55652758808818e-01  3.67059005609337e-01
 8.70162898882712e-01  3.53537523530075e-01
 8.84085033071272e-01  3.38664553106714e-01
 8.97361214262371e-01  3.23213306416872e-01
 9.09954680076662e-01  3.07203613511174e-01
 9.21851471402547e-01  2.90651166436308e-01
 9.33012836658427e-01  2.73582217930504e-01
 9.43389278969050e-01  2.56006819765559e-01
 9.52973153850560e-01  2.31126558929213e-01
 9.61743130827061e-01  2.02079119568871e-01
 9.69640690675464e-01  1.70676439462945e-01
 9.76664215898664e-01  1.38495169291533e-01
 9.82815077112014e-01  1.06969182587799e-01
 9.88028440045103e-01  7.77696325316563e-02
 9.92304836603751e-01  5.21000808341240e-02
 9.95693518775914e-01  3.06490605710987e-02
 9.98120489340015e-01  1.46781591109768e-02
 9.99443037908705e-01  5.76038150414910e-03
 1.00000000000000e+00  1.95940733808606e-03
