                   201   NumCoords   ! The number of coordinates in the airfoil shape file (including an extra coordinate for airfoil reference).  Set to zero if coordinates not included.
! ......... x-y coordinates are next if NumCoords > 0 .............
! x-y coordinate of airfoil reference
!  x/c        y/c
 0.500000       0
! coordinates of airfoil shape
! interpolation to 200 points
!  x/c        y/c
 1.00000000000000e+00 -2.00000000000000e-02
 9.99429683992583e-01 -2.18252359971318e-02
 9.98063017832965e-01 -2.61427503845776e-02
 9.95573914266674e-01 -3.38004790868189e-02
 9.92086309749559e-01 -4.40781127928635e-02
 9.87686148675057e-01 -5.62802927753504e-02
 9.82330525170640e-01 -6.99577421959987e-02
 9.76011908335692e-01 -8.43967890627799e-02
 9.68787467298381e-01 -9.85918873335345e-02
 9.60674860259240e-01 -1.11499149163701e-01
 9.51675358763677e-01 -1.21937783069182e-01
 9.41827652746244e-01 -1.28516564496039e-01
 9.31175295355131e-01 -1.31410754535542e-01
 9.19730397431178e-01 -1.34515396178575e-01
 9.07524559194720e-01 -1.38363668297531e-01
 8.94610408070308e-01 -1.42744228819561e-01
 8.81009696499435e-01 -1.47271554165778e-01
 8.66747905197194e-01 -1.51473606055148e-01
 8.51890258171205e-01 -1.55249252150807e-01
 8.36469462621421e-01 -1.58802998117124e-01
 8.20513485943698e-01 -1.62228273697508e-01
 8.04073832217581e-01 -1.65630476879592e-01
 7.87191529885653e-01 -1.68861149411665e-01
 7.69897919101553e-01 -1.71647738366920e-01
 7.52252341235159e-01 -1.73941195967639e-01
 7.34291349178558e-01 -1.76068472023244e-01
 7.16044924955764e-01 -1.78422712024282e-01
 6.97571640033109e-01 -1.80968181763727e-01
 6.78906186433687e-01 -1.83024752197777e-01
 6.60080312620540e-01 -1.84412485037851e-01
 6.41147517137212e-01 -1.85518481673055e-01
 6.22137650968852e-01 -1.86535977288092e-01
 6.03087998194415e-01 -1.87555505750338e-01
 5.84045042118975e-01 -1.87999165639651e-01
 5.65030897687003e-01 -1.87710314040353e-01
 5.46088602779599e-01 -1.87184351124642e-01
 5.27248673916899e-01 -1.86775768317254e-01
 5.08535950506088e-01 -1.86415699468139e-01
 4.89992355470388e-01 -1.85884599413784e-01
 4.71632114506831e-01 -1.84806182123583e-01
 4.53492503744347e-01 -1.83387241493348e-01
 4.35593302897673e-01 -1.81944813140391e-01
 4.17956065616942e-01 -1.80333951830049e-01
 4.00609748442576e-01 -1.78437250801126e-01
 3.83560931606009e-01 -1.75984918229382e-01
 3.66843215733716e-01 -1.73470640220427e-01
 3.50457316320503e-01 -1.71410612832659e-01
 3.34434484008630e-01 -1.69531937751850e-01
 3.18774100329315e-01 -1.67355667387119e-01
 3.03499623121295e-01 -1.64717437574781e-01
 2.88611293565648e-01 -1.61852045102649e-01
 2.74124386665666e-01 -1.58901371608583e-01
 2.60041455523719e-01 -1.55801624130475e-01
 2.46374872015917e-01 -1.52725720167137e-01
 2.33123443938834e-01 -1.49767682285742e-01
 2.20293777810423e-01 -1.46808483897156e-01
 2.07883282965331e-01 -1.43720161124821e-01
 1.95902956391646e-01 -1.40512907302117e-01
 1.84341253066628e-01 -1.37206654450047e-01
 1.73213930954160e-01 -1.33766546634839e-01
 1.62499176129638e-01 -1.30160022864178e-01
 1.52214602777260e-01 -1.26666538754402e-01
 1.42331759398971e-01 -1.23507816900800e-01
 1.32872111539190e-01 -1.20560884477764e-01
 1.23806439629760e-01 -1.17482580276950e-01
 1.15147623386077e-01 -1.14018505230488e-01
 1.06887208802748e-01 -1.10312382439213e-01
 9.90071115215634e-02 -1.06714903916585e-01
 9.15234043853439e-02 -1.03480178836420e-01
 8.43970428172224e-02 -1.00457841313318e-01
 7.76464790199521e-02 -9.73749534538735e-02
 7.12479082120209e-02 -9.39906822240946e-02
 6.51878662973747e-02 -9.02725172065377e-02
 5.94874721274202e-02 -8.66127694656718e-02
 5.41002464180900e-02 -8.32840668123135e-02
 4.90378786701877e-02 -8.04025777002033e-02
 4.43003497573338e-02 -7.76884684743826e-02
 3.98423597346806e-02 -7.48653396461795e-02
 3.56899752436130e-02 -7.18062618850040e-02
 3.18292350050658e-02 -6.85743938558107e-02
 2.82200072057899e-02 -6.52880769454325e-02
 2.48925247792699e-02 -6.20906768943162e-02
 2.18286683030034e-02 -5.90908654689238e-02
 1.89846947131331e-02 -5.61598245931950e-02
 1.63921917020335e-02 -5.31727773215825e-02
 1.40446346341990e-02 -5.00636903161215e-02
 1.18798249846349e-02 -4.65741955125794e-02
 9.93094518736223e-03 -4.28671701298191e-02
 8.21940795734749e-03 -3.93286716400674e-02
 6.65838622137879e-03 -3.59869511766203e-02
 5.26774192850643e-03 -3.32560535657377e-02
 4.09515753852961e-03 -3.13060459850439e-02
 3.09878859713640e-03 -2.92160206003181e-02
 2.19660773551101e-03 -2.64730639324699e-02
 1.46264176301869e-03 -2.31458085756361e-02
 9.64484608297914e-04 -1.71429632416841e-02
 5.99373867982851e-04 -1.08885046988469e-02
 2.90086645599082e-04 -5.16723284326616e-03
 7.80707788302466e-05 -1.34334232287134e-03
 0.00000000000000e+00  0.00000000000000e+00
 7.80412061165972e-05  1.38167196242564e-03
 2.89878724192004e-04  5.65674776248656e-03
 5.98775316682048e-04  1.27174102022474e-02
 9.63326351634835e-04  2.10769998684897e-02
 1.45966821282819e-03  2.96646213725036e-02
 2.19097636449990e-03  3.48681926077977e-02
 3.08997841959778e-03  3.93236515653953e-02
 4.08271112470316e-03  4.28551698264629e-02
 5.24853124383664e-03  4.61565536805821e-02
 6.63128223001261e-03  5.04245517183554e-02
 8.18368429859057e-03  5.53865484900370e-02
 9.88361416849065e-03  6.04817242424700e-02
 1.18176401547236e-02  6.57751935373226e-02
 1.39661993216829e-02  7.09257228741884e-02
 1.62951420791042e-02  7.56744298931183e-02
 1.88631937781153e-02  8.02498422034920e-02
 2.16807137532775e-02  8.48631231503698e-02
 2.47159162958630e-02  8.98561376350379e-02
 2.80064400105862e-02  9.55624662411736e-02
 3.15762558914965e-02  1.01760282933514e-01
 3.53948396168776e-02  1.08113423447684e-01
 3.94949825480075e-02  1.14272340648424e-01
 4.38979282781582e-02  1.20131084905487e-01
 4.85758075737765e-02  1.25878399271364e-01
 5.35679916138119e-02  1.31874031822583e-01
 5.88818211488708e-02  1.38512520586750e-01
 6.45001629027312e-02  1.45679856549521e-01
 7.04692046391145e-02  1.53017250282464e-01
 7.67740309924711e-02  1.59953814917927e-01
 8.34162127168367e-02  1.66390432866256e-01
 9.04290195190654e-02  1.72714348580066e-01
 9.77906533229447e-02  1.79361857011455e-01
 1.05536187198748e-01  1.86678249972495e-01
 1.13658760041779e-01  1.94313091343222e-01
 1.22161483318940e-01  2.01725129219760e-01
 1.31067498602735e-01  2.08596513688858e-01
 1.40354649921884e-01  2.15209154095329e-01
 1.50055110786138e-01  2.21899694014866e-01
 1.60148962661562e-01  2.28868803955633e-01
 1.70658187899640e-01  2.35922127308333e-01
 1.81574957422924e-01  2.42767190751296e-01
 1.92907571409635e-01  2.49353380907521e-01
 2.04657634577812e-01  2.55755658891624e-01
 2.16817353069425e-01  2.61952407603306e-01
 2.29396483963478e-01  2.67974444722188e-01
 2.42377800694080e-01  2.73782872671507e-01
 2.55773624268338e-01  2.79376090035925e-01
 2.69566785632899e-01  2.84800503722482e-01
 2.83765797226135e-01  2.89825181883270e-01
 2.98347982887804e-01  2.94396114265240e-01
 3.13318978785268e-01  2.98599421901007e-01
 3.28658461892810e-01  3.02291448160076e-01
 3.44364941645546e-01  3.05568511281686e-01
 3.60419773725681e-01  3.08498053399788e-01
 3.76811233766957e-01  3.11365508011281e-01
 3.93525251020729e-01  3.13997550227505e-01
 4.10538642553571e-01  3.15202006490319e-01
 4.27843232490823e-01  3.15737790929229e-01
 4.45406663468198e-01  3.15993196227537e-01
 4.63222254103030e-01  3.15718043897033e-01
 4.81251545655716e-01  3.14792709340267e-01
 4.99481026671737e-01  3.13441599741849e-01
 5.17879583085697e-01  3.10822077689891e-01
 5.36417631367010e-01  3.07408691738085e-01
 5.55075704909560e-01  3.03510501937891e-01
 5.73808427242608e-01  2.98875758837659e-01
 5.92596731105059e-01  2.94019206329006e-01
 6.11401377553511e-01  2.88850119672601e-01
 6.30186430605241e-01  2.83490721714439e-01
 6.48926781663159e-01  2.78065720933839e-01
 6.67570206424973e-01  2.72526515669112e-01
 6.86088429590952e-01  2.66866641855040e-01
 7.04445389043917e-01  2.61013951995611e-01
 7.22592093722966e-01  2.55262100214276e-01
 7.40501800453524e-01  2.49926310773143e-01
 7.58125457122835e-01  2.44864203577613e-01
 7.75421014376153e-01  2.39646044387321e-01
 7.92362373587600e-01  2.34059058669818e-01
 8.08894546151696e-01  2.28366493344885e-01
 8.24974633014891e-01  2.22853439708231e-01
 8.40576952273409e-01  2.17545779386535e-01
 8.55652758808818e-01  2.12401457392881e-01
 8.70162898882712e-01  2.07428309372242e-01
 8.84085033071272e-01  2.02601066633595e-01
 8.97361214262371e-01  1.97980149053047e-01
 9.09954680076662e-01  1.93643715758529e-01
 9.21851471402547e-01  1.89632668235868e-01
 9.33012836658427e-01  1.85927569119913e-01
 9.43389278969050e-01  1.82517679460518e-01
 9.52973153850560e-01  1.73084760499947e-01
 9.61743130827061e-01  1.56585265012510e-01
 9.69640690675464e-01  1.35575592983263e-01
 9.76664215898664e-01  1.12196610149048e-01
 9.82815077112014e-01  8.82321170540101e-02
 9.88028440045103e-01  6.54574435032279e-02
 9.92304836603751e-01  4.51408723356587e-02
 9.95693518775914e-01  2.80225440614143e-02
 9.98120489340015e-01  1.52202526133030e-02
 9.99443037908705e-01  8.05620923308550e-03
 1.00000000000000e+00  5.00000000000000e-03
