                   201   NumCoords   ! The number of coordinates in the airfoil shape file (including an extra coordinate for airfoil reference).  Set to zero if coordinates not included.
! ......... x-y coordinates are next if NumCoords > 0 .............
! x-y coordinate of airfoil reference
!  x/c        y/c
 0.400000       0
! coordinates of airfoil shape
! interpolation to 200 points
!  x/c        y/c
 1.00000000000000e+00 -1.00000000000000e-02
 9.99429683992583e-01 -1.05860811972145e-02
 9.98063017832965e-01 -1.19733458706939e-02
 9.95573914266674e-01 -1.44377975431542e-02
 9.92086309749559e-01 -1.77562664232820e-02
 9.87686148675057e-01 -2.17199294798770e-02
 9.82330525170640e-01 -2.62103365780290e-02
 9.76011908335692e-01 -3.10400085639699e-02
 9.68787467298381e-01 -3.59462490733872e-02
 9.60674860259240e-01 -4.06800517555444e-02
 9.51675358763677e-01 -4.49818287639960e-02
 9.41827652746244e-01 -4.85585985277595e-02
 9.31175295355131e-01 -5.09749706918352e-02
 9.19730397431178e-01 -5.39347893143386e-02
 9.07524559194720e-01 -5.71966575286003e-02
 8.94610408070308e-01 -6.04310411134797e-02
 8.81009696499435e-01 -6.37581156512310e-02
 8.66747905197194e-01 -6.73864272524530e-02
 8.51890258171205e-01 -7.13304037579000e-02
 8.36469462621421e-01 -7.55645326635179e-02
 8.20513485943698e-01 -8.00535634434281e-02
 8.04073832217581e-01 -8.49459514171959e-02
 7.87191529885653e-01 -9.05860571507810e-02
 7.69897919101553e-01 -9.64863112699660e-02
 7.52252341235159e-01 -1.01892139664604e-01
 7.34291349178558e-01 -1.07258411318929e-01
 7.16044924955764e-01 -1.13256620216619e-01
 6.97571640033109e-01 -1.19214905387775e-01
 6.78906186433687e-01 -1.24123556977744e-01
 6.60080312620540e-01 -1.28413892999753e-01
 6.41147517137212e-01 -1.32233961229721e-01
 6.22137650968852e-01 -1.35571854834420e-01
 6.03087998194415e-01 -1.38322221894365e-01
 5.84045042118975e-01 -1.40689229629017e-01
 5.65030897687003e-01 -1.42844934177799e-01
 5.46088602779599e-01 -1.44753665635366e-01
 5.27248673916899e-01 -1.46493251748088e-01
 5.08535950506088e-01 -1.47863148755140e-01
 4.89992355470388e-01 -1.48584191780481e-01
 4.71632114506831e-01 -1.48986337665362e-01
 4.53492503744347e-01 -1.49000000000000e-01
 4.35593302897673e-01 -1.49000000000000e-01
 4.17956065616942e-01 -1.48833710846445e-01
 4.00609748442576e-01 -1.48250704767035e-01
 3.83560931606009e-01 -1.47305409979695e-01
 3.66843215733716e-01 -1.45734023015927e-01
 3.50457316320503e-01 -1.44295253606667e-01
 3.34434484008630e-01 -1.42950744266645e-01
 3.18774100329315e-01 -1.41415843479929e-01
 3.03499623121295e-01 -1.39591613877211e-01
 2.88611293565648e-01 -1.37749263405472e-01
 2.74124386665666e-01 -1.36071273365696e-01
 2.60041455523719e-01 -1.34244339821998e-01
 2.46374872015917e-01 -1.31870530566072e-01
 2.33123443938834e-01 -1.29146006285207e-01
 2.20293777810423e-01 -1.26578797397278e-01
 2.07883282965331e-01 -1.24101525657818e-01
 1.95902956391646e-01 -1.21496853761850e-01
 1.84341253066628e-01 -1.18656610288642e-01
 1.73213930954160e-01 -1.15760768192869e-01
 1.62499176129638e-01 -1.12979542451798e-01
 1.52214602777260e-01 -1.10252629026479e-01
 1.42331759398971e-01 -1.07403847698105e-01
 1.32872111539190e-01 -1.04308233266745e-01
 1.23806439629760e-01 -1.01222288961750e-01
 1.15147623386077e-01 -9.84591090362713e-02
 1.06887208802748e-01 -9.59763471152781e-02
 9.90071115215634e-02 -9.33694263073424e-02
 9.15234043853439e-02 -9.03247448503676e-02
 8.43970428172224e-02 -8.70154886509243e-02
 7.76464790199521e-02 -8.38867945996591e-02
 7.12479082120209e-02 -8.11140040474548e-02
 6.51878662973747e-02 -7.84665206830398e-02
 5.94874721274202e-02 -7.57397427020983e-02
 5.41002464180900e-02 -7.27915205905192e-02
 4.90378786701877e-02 -6.98080145981677e-02
 4.43003497573338e-02 -6.70002039099503e-02
 3.98423597346806e-02 -6.45058536313186e-02
 3.56899752436130e-02 -6.21673268985062e-02
 3.18292350050658e-02 -5.97248561146106e-02
 2.82200072057899e-02 -5.69902961565490e-02
 2.48925247792699e-02 -5.40366310556183e-02
 2.18286683030034e-02 -5.10582552943812e-02
 1.89846947131331e-02 -4.81653432226534e-02
 1.63921917020335e-02 -4.54605380092268e-02
 1.40446346341990e-02 -4.27888938602005e-02
 1.18798249846349e-02 -3.99759425182511e-02
 9.93094518736223e-03 -3.69590874408737e-02
 8.21940795734749e-03 -3.37608012132368e-02
 6.65838622137879e-03 -3.05488040624334e-02
 5.26774192850643e-03 -2.75752892465274e-02
 4.09515753852961e-03 -2.53526266276681e-02
 3.09878859713640e-03 -2.37011952377132e-02
 2.19660773551101e-03 -2.16573508209404e-02
 1.46264176301869e-03 -1.91521014855392e-02
 9.64484608297914e-04 -1.61279341764943e-02
 5.99373867982851e-04 -1.09035021818700e-02
 2.90086645599082e-04 -5.30726780087982e-03
 7.80707788302466e-05 -1.38670355177038e-03
 0.00000000000000e+00  0.00000000000000e+00
 7.80412061165972e-05  1.45763694346873e-03
 2.89878724192004e-04  6.18036604509239e-03
 5.98775316682048e-04  1.39567324318577e-02
 9.63326351634835e-04  2.19718683095692e-02
 1.45966821282819e-03  2.68408867055639e-02
 2.19097636449990e-03  3.09567102609753e-02
 3.08997841959778e-03  3.44340050443498e-02
 4.08271112470316e-03  3.72760595322168e-02
 5.24853124383664e-03  4.08389741988049e-02
 6.63128223001261e-03  4.53841103801280e-02
 8.18368429859057e-03  5.01596924377910e-02
 9.88361416849065e-03  5.48517810705817e-02
 1.18176401547236e-02  5.93267873765605e-02
 1.39661993216829e-02  6.34486128188367e-02
 1.62951420791042e-02  6.73459187239214e-02
 1.88631937781153e-02  7.14480400711930e-02
 2.16807137532775e-02  7.62029601790148e-02
 2.47159162958630e-02  8.13772826584168e-02
 2.80064400105862e-02  8.67790088194445e-02
 3.15762558914965e-02  9.20959849926544e-02
 3.53948396168776e-02  9.71518167732114e-02
 3.94949825480075e-02  1.02185504064278e-01
 4.38979282781582e-02  1.07504903300708e-01
 4.85758075737765e-02  1.13351662921553e-01
 5.35679916138119e-02  1.19575220523844e-01
 5.88818211488708e-02  1.25786675711685e-01
 6.45001629027312e-02  1.31592991020257e-01
 7.04692046391145e-02  1.37224095853788e-01
 7.67740309924711e-02  1.42965496811700e-01
 8.34162127168367e-02  1.49091323740476e-01
 9.04290195190654e-02  1.55464627660975e-01
 9.77906533229447e-02  1.61826307170327e-01
 1.05536187198748e-01  1.68088352086506e-01
 1.13658760041779e-01  1.74309456150868e-01
 1.22161483318940e-01  1.80461296049800e-01
 1.31067498602735e-01  1.86599525493850e-01
 1.40354649921884e-01  1.92603720473720e-01
 1.50055110786138e-01  1.98330822173552e-01
 1.60148962661562e-01  2.03810378291231e-01
 1.70658187899640e-01  2.09179459906528e-01
 1.81574957422924e-01  2.14604238358139e-01
 1.92907571409635e-01  2.19849612513651e-01
 2.04657634577812e-01  2.24454833249266e-01
 2.16817353069425e-01  2.28536883724077e-01
 2.29396483963478e-01  2.32636831812230e-01
 2.42377800694080e-01  2.37170881923519e-01
 2.55773624268338e-01  2.41343259659407e-01
 2.69566785632899e-01  2.44368434350090e-01
 2.83765797226135e-01  2.46858459023845e-01
 2.98347982887804e-01  2.49413709201558e-01
 3.13318978785268e-01  2.52146440062055e-01
 3.28658461892810e-01  2.53000000000000e-01
 3.44364941645546e-01  2.53000000000000e-01
 3.60419773725681e-01  2.52997661690227e-01
 3.76811233766957e-01  2.52709676912424e-01
 3.93525251020729e-01  2.52046353011437e-01
 4.10538642553571e-01  2.50029928638586e-01
 4.27843232490823e-01  2.46587610938619e-01
 4.45406663468198e-01  2.43140675535037e-01
 4.63222254103030e-01  2.39164849491678e-01
 4.81251545655716e-01  2.34356673541221e-01
 4.99481026671737e-01  2.28795349287453e-01
 5.17879583085697e-01  2.23431628157420e-01
 5.36417631367010e-01  2.18081762491985e-01
 5.55075704909560e-01  2.12387570336175e-01
 5.73808427242608e-01  2.06413504805919e-01
 5.92596731105059e-01  2.00465158789430e-01
 6.11401377553511e-01  1.94527956055014e-01
 6.30186430605241e-01  1.88590768628509e-01
 6.48926781663159e-01  1.82660303483972e-01
 6.67570206424973e-01  1.76752406581814e-01
 6.86088429590952e-01  1.70864985212580e-01
 7.04445389043917e-01  1.64710223763226e-01
 7.22592093722966e-01  1.58306770143473e-01
 7.40501800453524e-01  1.51928857263440e-01
 7.58125457122835e-01  1.45586000841802e-01
 7.75421014376153e-01  1.39560928816129e-01
 7.92362373587600e-01  1.33889990821280e-01
 8.08894546151696e-01  1.28279570266164e-01
 8.24974633014891e-01  1.22656296863010e-01
 8.40576952273409e-01  1.17303658422681e-01
 8.55652758808818e-01  1.12373778956660e-01
 8.70162898882712e-01  1.07644365376909e-01
 8.84085033071272e-01  1.02925596227536e-01
 8.97361214262371e-01  9.83674688348764e-02
 9.09954680076662e-01  9.41643432450478e-02
 9.21851471402547e-01  9.02863140608628e-02
 9.33012836658427e-01  8.67211177961905e-02
 9.43389278969050e-01  8.36345806803804e-02
 9.52973153850560e-01  7.79315134222283e-02
 9.61743130827061e-01  6.99181890365362e-02
 9.69640690675464e-01  6.04598485390506e-02
 9.76664215898664e-01  5.02942339682120e-02
 9.82815077112014e-01  4.00567472021661e-02
 9.88028440045103e-01  3.04172462792024e-02
 9.92304836603751e-01  2.18589194779774e-02
 9.95693518775914e-01  1.46645030988232e-02
 9.98120489340015e-01  9.28940945380940e-03
 9.99443037908705e-01  6.28260044622298e-03
 1.00000000000000e+00  5.00000000000001e-03
