                   201   NumCoords   ! The number of coordinates in the airfoil shape file (including an extra coordinate for airfoil reference).  Set to zero if coordinates not included.
! ......... x-y coordinates are next if NumCoords > 0 .............
! x-y coordinate of airfoil reference
!  x/c        y/c
 0.378360       0
! coordinates of airfoil shape
! interpolation to 200 points
!  x/c        y/c
 1.00000000000000e+00 -6.64249619626797e-03
 9.99429683992583e-01 -6.82631738120405e-03
 9.98063017832965e-01 -7.26242148257069e-03
 9.95573914266674e-01 -8.04091033662022e-03
 9.92086309749559e-01 -9.09790409467737e-03
 9.87686148675057e-01 -1.03763893413035e-02
 9.82330525170640e-01 -1.18518329122328e-02
 9.76011908335692e-01 -1.34825768432092e-02
 9.68787467298381e-01 -1.52072376706265e-02
 9.60674860259240e-01 -1.69748621518645e-02
 9.51675358763677e-01 -1.87387130709083e-02
 9.41827652746244e-01 -2.04477022852052e-02
 9.31175295355131e-01 -2.18924599738239e-02
 9.19730397431178e-01 -2.38506164665472e-02
 9.07524559194720e-01 -2.61416189201644e-02
 8.94610408070308e-01 -2.88093563570924e-02
 8.81009696499435e-01 -3.18283283642143e-02
 8.66747905197194e-01 -3.53270614210157e-02
 8.51890258171205e-01 -3.94237844981643e-02
 8.36469462621421e-01 -4.39798426074054e-02
 8.20513485943698e-01 -4.90149851906726e-02
 8.04073832217581e-01 -5.46114912297389e-02
 7.87191529885653e-01 -6.10144449473273e-02
 7.69897919101553e-01 -6.78424210826502e-02
 7.52252341235159e-01 -7.45927899811557e-02
 7.34291349178558e-01 -8.15055178830792e-02
 7.16044924955764e-01 -8.89649111241743e-02
 6.97571640033109e-01 -9.65325705413204e-02
 6.78906186433687e-01 -1.03499885524773e-01
 6.60080312620540e-01 -1.10113623025602e-01
 6.41147517137212e-01 -1.16400793339080e-01
 6.22137650968852e-01 -1.22310760060946e-01
 6.03087998194415e-01 -1.27766145978014e-01
 5.84045042118975e-01 -1.32857719532313e-01
 5.65030897687003e-01 -1.37669607521801e-01
 5.46088602779599e-01 -1.42075790933979e-01
 5.27248673916899e-01 -1.46150742288873e-01
 5.08535950506088e-01 -1.49692767039950e-01
 4.89992355470388e-01 -1.52501525672233e-01
 4.71632114506831e-01 -1.54871563664132e-01
 4.53492503744347e-01 -1.56709255685182e-01
 4.35593302897673e-01 -1.58241132776486e-01
 4.17956065616942e-01 -1.59431886278875e-01
 4.00609748442576e-01 -1.60073289444250e-01
 3.83560931606009e-01 -1.60257552492583e-01
 3.66843215733716e-01 -1.59790639496487e-01
 3.50457316320503e-01 -1.59153221125154e-01
 3.34434484008630e-01 -1.58288850334600e-01
 3.18774100329315e-01 -1.57178697405781e-01
 3.03499623121295e-01 -1.55733501105579e-01
 2.88611293565648e-01 -1.54080490856963e-01
 2.74124386665666e-01 -1.52424920825700e-01
 2.60041455523719e-01 -1.50507770127388e-01
 2.46374872015917e-01 -1.48228693083513e-01
 2.33123443938834e-01 -1.45634621369344e-01
 2.20293777810423e-01 -1.43030542572061e-01
 2.07883282965331e-01 -1.40382186742267e-01
 1.95902956391646e-01 -1.37601625934526e-01
 1.84341253066628e-01 -1.34628779929609e-01
 1.73213930954160e-01 -1.31565308652869e-01
 1.62499176129638e-01 -1.28510314836647e-01
 1.52214602777260e-01 -1.25414028928477e-01
 1.42331759398971e-01 -1.22199392275336e-01
 1.32872111539190e-01 -1.18800107283933e-01
 1.23806439629760e-01 -1.15385285035572e-01
 1.15147623386077e-01 -1.12130032283686e-01
 1.06887208802748e-01 -1.09058811219780e-01
 9.90071115215634e-02 -1.05904046560555e-01
 9.15234043853439e-02 -1.02432719752875e-01
 8.43970428172224e-02 -9.86967332970979e-02
 7.76464790199521e-02 -9.51264987336238e-02
 7.12479082120209e-02 -9.18297935522077e-02
 6.51878662973747e-02 -8.85718974286358e-02
 5.94874721274202e-02 -8.53130547768483e-02
 5.41002464180900e-02 -8.18968404952773e-02
 4.90378786701877e-02 -7.83801606496854e-02
 4.43003497573338e-02 -7.50068688200314e-02
 3.98423597346806e-02 -7.18650766926288e-02
 3.56899752436130e-02 -6.88478144930617e-02
 3.18292350050658e-02 -6.58199396412171e-02
 2.82200072057899e-02 -6.26017755108352e-02
 2.48925247792699e-02 -5.92219692759950e-02
 2.18286683030034e-02 -5.58196709360088e-02
 1.89846947131331e-02 -5.24488884375890e-02
 1.63921917020335e-02 -4.92293600213864e-02
 1.40446346341990e-02 -4.60873501077235e-02
 1.18798249846349e-02 -4.28650183891223e-02
 9.93094518736223e-03 -3.95314135769139e-02
 8.21940795734749e-03 -3.60667614960564e-02
 6.65838622137879e-03 -3.25072824364056e-02
 5.26774192850643e-03 -2.90579545595360e-02
 4.09515753852961e-03 -2.60221311809911e-02
 3.09878859713640e-03 -2.32656814222576e-02
 2.19660773551101e-03 -2.02029764442169e-02
 1.46264176301869e-03 -1.70937890519935e-02
 9.64484608297914e-04 -1.43432477627393e-02
 5.99373867982851e-04 -1.02873927625082e-02
 2.90086645599082e-04 -5.97529640256525e-03
 7.80707788302466e-05 -2.39814442984541e-03
 0.00000000000000e+00  0.00000000000000e+00
 7.80412061165972e-05  2.22441469378107e-03
 2.89878724192004e-04  6.56969011819564e-03
 5.98775316682048e-04  1.24758382052644e-02
 9.63326351634835e-04  1.82402704915836e-02
 1.45966821282819e-03  2.20459525201013e-02
 2.19097636449990e-03  2.60844853126892e-02
 3.08997841959778e-03  2.98273782835860e-02
 4.08271112470316e-03  3.30709665611158e-02
 5.24853124383664e-03  3.67849930875863e-02
 6.63128223001261e-03  4.10507806672425e-02
 8.18368429859057e-03  4.53869076276584e-02
 9.88361416849065e-03  4.96377471486471e-02
 1.18176401547236e-02  5.37015333892577e-02
 1.39661993216829e-02  5.76249336584206e-02
 1.62951420791042e-02  6.14217555545284e-02
 1.88631937781153e-02  6.53669771857075e-02
 2.16807137532775e-02  6.98038973001799e-02
 2.47159162958630e-02  7.45475389117754e-02
 2.80064400105862e-02  7.94024801115959e-02
 3.15762558914965e-02  8.41229604666233e-02
 3.53948396168776e-02  8.85865956810999e-02
 3.94949825480075e-02  9.30898197747322e-02
 4.38979282781582e-02  9.79586504858921e-02
 4.85758075737765e-02  1.03121951632812e-01
 5.35679916138119e-02  1.08506356592726e-01
 5.88818211488708e-02  1.13881334441085e-01
 6.45001629027312e-02  1.19007088451803e-01
 7.04692046391145e-02  1.24032155098346e-01
 7.67740309924711e-02  1.29078560718902e-01
 8.34162127168367e-02  1.34337527664633e-01
 9.04290195190654e-02  1.39769396125755e-01
 9.77906533229447e-02  1.45111055927716e-01
 1.05536187198748e-01  1.50374287763118e-01
 1.13658760041779e-01  1.55586121759784e-01
 1.22161483318940e-01  1.60710533340380e-01
 1.31067498602735e-01  1.65767185679727e-01
 1.40354649921884e-01  1.70720330296534e-01
 1.50055110786138e-01  1.75434972328174e-01
 1.60148962661562e-01  1.80024984996942e-01
 1.70658187899640e-01  1.84536896881066e-01
 1.81574957422924e-01  1.88986691099958e-01
 1.92907571409635e-01  1.93249875499313e-01
 2.04657634577812e-01  1.96961406306273e-01
 2.16817353069425e-01  2.00220422596235e-01
 2.29396483963478e-01  2.03404175599600e-01
 2.42377800694080e-01  2.06764207184432e-01
 2.55773624268338e-01  2.09767917554897e-01
 2.69566785632899e-01  2.11893859479446e-01
 2.83765797226135e-01  2.13549332623875e-01
 2.98347982887804e-01  2.15139293490203e-01
 3.13318978785268e-01  2.16732073286226e-01
 3.28658461892810e-01  2.17010558518998e-01
 3.44364941645546e-01  2.16576465186482e-01
 3.60419773725681e-01  2.16013050589637e-01
 3.76811233766957e-01  2.15144116197393e-01
 3.93525251020729e-01  2.13919732988947e-01
 4.10538642553571e-01  2.11744700899786e-01
 4.27843232490823e-01  2.08562956953735e-01
 4.45406663468198e-01  2.05295002244268e-01
 4.63222254103030e-01  2.01566783046995e-01
 4.81251545655716e-01  1.97265456122807e-01
 4.99481026671737e-01  1.92426144342988e-01
 5.17879583085697e-01  1.87590557049089e-01
 5.36417631367010e-01  1.82687384573990e-01
 5.55075704909560e-01  1.77507680435718e-01
 5.73808427242608e-01  1.72105448232168e-01
 5.92596731105059e-01  1.66624277482575e-01
 6.11401377553511e-01  1.61057826250733e-01
 6.30186430605241e-01  1.55456116293505e-01
 6.48926781663159e-01  1.49780306115887e-01
 6.67570206424973e-01  1.44091375870264e-01
 6.86088429590952e-01  1.38399920409608e-01
 7.04445389043917e-01  1.32528328421197e-01
 7.22592093722966e-01  1.26525034083799e-01
 7.40501800453524e-01  1.20582713815833e-01
 7.58125457122835e-01  1.14695376868560e-01
 7.75421014376153e-01  1.09001277695038e-01
 7.92362373587600e-01  1.03527338498828e-01
 8.08894546151696e-01  9.81409531544062e-02
 8.24974633014891e-01  9.27931746258366e-02
 8.40576952273409e-01  8.76692465132301e-02
 8.55652758808818e-01  8.28469408063252e-02
 8.70162898882712e-01  7.82321037310419e-02
 8.84085033071272e-01  7.37223741754714e-02
 8.97361214262371e-01  6.93821040088915e-02
 9.09954680076662e-01  6.54132563101295e-02
 9.21851471402547e-01  6.17556153774690e-02
 9.33012836658427e-01  5.83681291218291e-02
 9.43389278969050e-01  5.53323333765071e-02
 9.52973153850560e-01  5.07412677232744e-02
 9.61743130827061e-01  4.51226171342302e-02
 9.69640690675464e-01  3.88942616622946e-02
 9.76664215898664e-01  3.24180190365362e-02
 9.82815077112014e-01  2.60171075373316e-02
 9.88028440045103e-01  2.00555943126272e-02
 9.92304836603751e-01  1.47964803933410e-02
 9.95693518775914e-01  1.03919671114049e-02
 9.98120489340015e-01  7.10822518663399e-03
 9.99443037908705e-01  5.27328775526552e-03
 1.00000000000000e+00  4.49092682918465e-03
