                   201   NumCoords   ! The number of coordinates in the airfoil shape file (including an extra coordinate for airfoil reference).  Set to zero if coordinates not included.
! ......... x-y coordinates are next if NumCoords > 0 .............
! x-y coordinate of airfoil reference
!  x/c        y/c
 0.350000       0
! coordinates of airfoil shape
! interpolation to 200 points
!  x/c        y/c
 1.00000000000000e+00 -4.60000000000000e-03
 9.99429683992583e-01 -4.45977736840104e-03
 9.98063017832965e-01 -4.12935930990116e-03
 9.95573914266674e-01 -3.54788337137556e-03
 9.92086309749559e-01 -2.77728026301187e-03
 9.87686148675057e-01 -1.87855700351467e-03
 9.82330525170640e-01 -8.95410867227107e-04
 9.76011908335692e-01  1.08081367750907e-04
 9.68787467298381e-01  1.04777728400713e-03
 9.60674860259240e-01  1.83868685258715e-03
 9.51675358763677e-01  2.38858676019609e-03
 9.41827652746244e-01  2.59519816248643e-03
 9.31175295355131e-01  2.35771199291937e-03
 9.19730397431178e-01  1.69997611617501e-03
 9.07524559194720e-01  6.03837829417196e-04
 8.94610408070308e-01 -1.07475000485308e-03
 8.81009696499435e-01 -3.35055843632328e-03
 8.66747905197194e-01 -6.21075386946845e-03
 8.51890258171205e-01 -9.81717605731331e-03
 8.36469462621421e-01 -1.40300558045187e-02
 8.20513485943698e-01 -1.88950325506521e-02
 8.04073832217581e-01 -2.44176287613214e-02
 7.87191529885653e-01 -3.06538462304958e-02
 7.69897919101553e-01 -3.73996675742273e-02
 7.52252341235159e-01 -4.46680316695929e-02
 7.34291349178558e-01 -5.23430280370423e-02
 7.16044924955764e-01 -6.03961538166580e-02
 6.97571640033109e-01 -6.88253073385547e-02
 6.78906186433687e-01 -7.74381906427848e-02
 6.60080312620540e-01 -8.61550451077239e-02
 6.41147517137212e-01 -9.48535972520183e-02
 6.22137650968852e-01 -1.03529611178691e-01
 6.03087998194415e-01 -1.12121840803236e-01
 5.84045042118975e-01 -1.20480539880604e-01
 5.65030897687003e-01 -1.28500675820013e-01
 5.46088602779599e-01 -1.36043415917970e-01
 5.27248673916899e-01 -1.43158719318333e-01
 5.08535950506088e-01 -1.49688079280847e-01
 4.89992355470388e-01 -1.55540892679108e-01
 4.71632114506831e-01 -1.60799368783712e-01
 4.53492503744347e-01 -1.65366637409863e-01
 4.35593302897673e-01 -1.69242292366788e-01
 4.17956065616942e-01 -1.72523508317557e-01
 4.00609748442576e-01 -1.75088882677268e-01
 3.83560931606009e-01 -1.77035444094058e-01
 3.66843215733716e-01 -1.78312905506651e-01
 3.50457316320503e-01 -1.78994379815987e-01
 3.34434484008630e-01 -1.78999287288580e-01
 3.18774100329315e-01 -1.78649108760116e-01
 3.03499623121295e-01 -1.77865603163638e-01
 2.88611293565648e-01 -1.76610620578972e-01
 2.74124386665666e-01 -1.75101962001530e-01
 2.60041455523719e-01 -1.73176309757240e-01
 2.46374872015917e-01 -1.71062745106938e-01
 2.33123443938834e-01 -1.68656685577537e-01
 2.20293777810423e-01 -1.66002629044122e-01
 2.07883282965331e-01 -1.63105085732718e-01
 1.95902956391646e-01 -1.60024911928331e-01
 1.84341253066628e-01 -1.56787999133244e-01
 1.73213930954160e-01 -1.53393885664637e-01
 1.62499176129638e-01 -1.49850964747465e-01
 1.52214602777260e-01 -1.46128128202363e-01
 1.42331759398971e-01 -1.42302516838217e-01
 1.32872111539190e-01 -1.38413990510981e-01
 1.23806439629760e-01 -1.34448389623213e-01
 1.15147623386077e-01 -1.30351047058959e-01
 1.06887208802748e-01 -1.26224124555427e-01
 9.90071115215634e-02 -1.22065079102363e-01
 9.15234043853439e-02 -1.17865499907697e-01
 8.43970428172224e-02 -1.13496104802068e-01
 7.76464790199521e-02 -1.09206358704144e-01
 7.12479082120209e-02 -1.04988994286558e-01
 6.51878662973747e-02 -1.00625360663487e-01
 5.94874721274202e-02 -9.63706760918875e-02
 5.41002464180900e-02 -9.21497843854959e-02
 4.90378786701877e-02 -8.78491299592786e-02
 4.43003497573338e-02 -8.36445895218134e-02
 3.98423597346806e-02 -7.94745993659858e-02
 3.56899752436130e-02 -7.53207275342512e-02
 3.18292350050658e-02 -7.12862142244746e-02
 2.82200072057899e-02 -6.72790378154302e-02
 2.48925247792699e-02 -6.32884236267798e-02
 2.18286683030034e-02 -5.93719591794742e-02
 1.89846947131331e-02 -5.54279087370392e-02
 1.63921917020335e-02 -5.15257708655201e-02
 1.40446346341990e-02 -4.77856461784362e-02
 1.18798249846349e-02 -4.40138773462292e-02
 9.93094518736223e-03 -4.02770129241056e-02
 8.21940795734749e-03 -3.66437777845712e-02
 6.65838622137879e-03 -3.28943309796303e-02
 5.26774192850643e-03 -2.91494603491524e-02
 4.09515753852961e-03 -2.53948774354889e-02
 3.09878859713640e-03 -2.14824297179431e-02
 2.19660773551101e-03 -1.74625745283969e-02
 1.46264176301869e-03 -1.37678804700010e-02
 9.64484608297914e-04 -1.09341831340293e-02
 5.99373867982851e-04 -8.56037551654457e-03
 2.90086645599082e-04 -6.21128521816880e-03
 7.80707788302466e-05 -3.23501759321122e-03
 0.00000000000000e+00  0.00000000000000e+00
 7.80412061165972e-05  3.17731844758919e-03
 2.89878724192004e-04  6.83309993913791e-03
 5.98775316682048e-04  9.78241098740312e-03
 9.63326351634835e-04  1.23460603275257e-02
 1.45966821282819e-03  1.56454461428140e-02
 2.19097636449990e-03  1.98985980592861e-02
 3.08997841959778e-03  2.43415532158858e-02
 4.08271112470316e-03  2.84046720213947e-02
 5.24853124383664e-03  3.22587901140810e-02
 6.63128223001261e-03  3.60195206341073e-02
 8.18368429859057e-03  3.97615839359228e-02
 9.88361416849065e-03  4.34853965728794e-02
 1.18176401547236e-02  4.72035076087149e-02
 1.39661993216829e-02  5.11751758391933e-02
 1.62951420791042e-02  5.51151237205862e-02
 1.88631937781153e-02  5.89918869607043e-02
 2.16807137532775e-02  6.29026536430577e-02
 2.47159162958630e-02  6.69381791292327e-02
 2.80064400105862e-02  7.10812758330053e-02
 3.15762558914965e-02  7.52214608753271e-02
 3.53948396168776e-02  7.92751032103491e-02
 3.94949825480075e-02  8.33811233460263e-02
 4.38979282781582e-02  8.75735188220253e-02
 4.85758075737765e-02  9.17107487553467e-02
 5.35679916138119e-02  9.58353399840592e-02
 5.88818211488708e-02  9.99545205139084e-02
 6.45001629027312e-02  1.04058552820296e-01
 7.04692046391145e-02  1.08173778764392e-01
 7.67740309924711e-02  1.12176792962570e-01
 8.34162127168367e-02  1.16134349348983e-01
 9.04290195190654e-02  1.20152847633012e-01
 9.77906533229447e-02  1.23963159300470e-01
 1.05536187198748e-01  1.27726880354969e-01
 1.13658760041779e-01  1.31423504572670e-01
 1.22161483318940e-01  1.35005445525277e-01
 1.31067498602735e-01  1.38438334059272e-01
 1.40354649921884e-01  1.41813544444922e-01
 1.50055110786138e-01  1.45009922563472e-01
 1.60148962661562e-01  1.48020273138431e-01
 1.70658187899640e-01  1.50967391202391e-01
 1.81574957422924e-01  1.53635261656680e-01
 1.92907571409635e-01  1.56148844455073e-01
 2.04657634577812e-01  1.58409512111313e-01
 2.16817353069425e-01  1.60449442422319e-01
 2.29396483963478e-01  1.62261669140199e-01
 2.42377800694080e-01  1.63769250642300e-01
 2.55773624268338e-01  1.64987288121638e-01
 2.69566785632899e-01  1.65975840353293e-01
 2.83765797226135e-01  1.66642951191322e-01
 2.98347982887804e-01  1.66980688905463e-01
 3.13318978785268e-01  1.67000000000000e-01
 3.28658461892810e-01  1.66793145113335e-01
 3.44364941645546e-01  1.66178061576212e-01
 3.60419773725681e-01  1.65203046619212e-01
 3.76811233766957e-01  1.63913973313271e-01
 3.93525251020729e-01  1.62321736164360e-01
 4.10538642553571e-01  1.60353996121482e-01
 4.27843232490823e-01  1.58050809660937e-01
 4.45406663468198e-01  1.55460614191536e-01
 4.63222254103030e-01  1.52495486902341e-01
 4.81251545655716e-01  1.49275092291547e-01
 4.99481026671737e-01  1.45761787497522e-01
 5.17879583085697e-01  1.41888107786670e-01
 5.36417631367010e-01  1.37779456514759e-01
 5.55075704909560e-01  1.33458502186690e-01
 5.73808427242608e-01  1.28943578951504e-01
 5.92596731105059e-01  1.24201432443195e-01
 6.11401377553511e-01  1.19261588459405e-01
 6.30186430605241e-01  1.14223235636059e-01
 6.48926781663159e-01  1.09041194812282e-01
 6.67570206424973e-01  1.03785956126762e-01
 6.86088429590952e-01  9.85049682296871e-02
 7.04445389043917e-01  9.31460001470468e-02
 7.22592093722966e-01  8.77717125708542e-02
 7.40501800453524e-01  8.24881156533218e-02
 7.58125457122835e-01  7.72573472973284e-02
 7.75421014376153e-01  7.20869838605241e-02
 7.92362373587600e-01  6.70023709699802e-02
 8.08894546151696e-01  6.20192444050764e-02
 8.24974633014891e-01  5.71509392129361e-02
 8.40576952273409e-01  5.24266157486132e-02
 8.55652758808818e-01  4.79249701933104e-02
 8.70162898882712e-01  4.36142192535989e-02
 8.84085033071272e-01  3.94897712877776e-02
 8.97361214262371e-01  3.55492890601583e-02
 9.09954680076662e-01  3.18238017579150e-02
 9.21851471402547e-01  2.83275335822161e-02
 9.33012836658427e-01  2.50690377668150e-02
 9.43389278969050e-01  2.20680858906072e-02
 9.52973153850560e-01  1.92736249779968e-02
 9.61743130827061e-01  1.67089789749276e-02
 9.69640690675464e-01  1.43920514928361e-02
 9.76664215898664e-01  1.23247309257404e-02
 9.82815077112014e-01  1.05083771566929e-02
 9.88028440045103e-01  8.96415610272443e-03
 9.92304836603751e-01  7.69400783702133e-03
 9.95693518775914e-01  6.68518464217469e-03
 9.98120489340015e-01  5.96134350551449e-03
 9.99443037908705e-01  5.56641707270097e-03
 1.00000000000000e+00  5.40000000000000e-03
