                   201   NumCoords   ! The number of coordinates in the airfoil shape file (including an extra coordinate for airfoil reference).  Set to zero if coordinates not included.
! ......... x-y coordinates are next if NumCoords > 0 .............
! x-y coordinate of airfoil reference
!  x/c        y/c
 0.258513       0
! coordinates of airfoil shape
! interpolation to 200 points
!  x/c        y/c
 1.00000000000000e+00 -6.66602981001099e-04
 9.99429683992583e-01 -5.99402853647015e-04
 9.98063017832965e-01 -4.38896255319896e-04
 9.95573914266674e-01 -1.48448894412099e-04
 9.92086309749559e-01  2.54525282103156e-04
 9.87686148675057e-01  7.56546470405778e-04
 9.82330525170640e-01  1.35841837839641e-03
 9.76011908335692e-01  2.05637992683857e-03
 9.68787467298381e-01  2.83955256346845e-03
 9.60674860259240e-01  3.70194154715473e-03
 9.51675358763677e-01  4.64001097817163e-03
 9.41827652746244e-01  5.64744915463698e-03
 9.31175295355131e-01  6.68514831908829e-03
 9.19730397431178e-01  7.43672446888153e-03
 9.07524559194720e-01  7.94670964427639e-03
 8.94610408070308e-01  7.96317608837825e-03
 8.81009696499435e-01  7.51739515727202e-03
 8.66747905197194e-01  6.80096933326822e-03
 8.51890258171205e-01  5.32380177397299e-03
 8.36469462621421e-01  3.38689737145979e-03
 8.20513485943698e-01  8.72570791567061e-04
 8.04073832217581e-01 -2.27503413038134e-03
 7.87191529885653e-01 -6.01934296012966e-03
 7.69897919101553e-01 -1.03503833851179e-02
 7.52252341235159e-01 -1.52527087402579e-02
 7.34291349178558e-01 -2.06655830322413e-02
 7.16044924955764e-01 -2.65094213934554e-02
 6.97571640033109e-01 -3.27014799694705e-02
 6.78906186433687e-01 -3.91485891627246e-02
 6.60080312620540e-01 -4.58214564264788e-02
 6.41147517137212e-01 -5.26149161337037e-02
 6.22137650968852e-01 -5.94644770431904e-02
 6.03087998194415e-01 -6.61968712876233e-02
 5.84045042118975e-01 -7.28522937695986e-02
 5.65030897687003e-01 -7.92726581464421e-02
 5.46088602779599e-01 -8.54327956325084e-02
 5.27248673916899e-01 -9.13522402671330e-02
 5.08535950506088e-01 -9.69327141312192e-02
 4.89992355470388e-01 -1.02128165945000e-01
 4.71632114506831e-01 -1.06911046670427e-01
 4.53492503744347e-01 -1.11283152196389e-01
 4.35593302897673e-01 -1.15210034337580e-01
 4.17956065616942e-01 -1.18628305692912e-01
 4.00609748442576e-01 -1.21643854068898e-01
 3.83560931606009e-01 -1.24215358693346e-01
 3.66843215733716e-01 -1.26275255736311e-01
 3.50457316320503e-01 -1.27985225415791e-01
 3.34434484008630e-01 -1.29241274654429e-01
 3.18774100329315e-01 -1.30068230613476e-01
 3.03499623121295e-01 -1.30453548971607e-01
 2.88611293565648e-01 -1.30437050285256e-01
 2.74124386665666e-01 -1.30064880161808e-01
 2.60041455523719e-01 -1.29341108785284e-01
 2.46374872015917e-01 -1.28232818509570e-01
 2.33123443938834e-01 -1.26820336535568e-01
 2.20293777810423e-01 -1.25140545331765e-01
 2.07883282965331e-01 -1.23153991217885e-01
 1.95902956391646e-01 -1.20942083183213e-01
 1.84341253066628e-01 -1.18533238001407e-01
 1.73213930954160e-01 -1.15954331155371e-01
 1.62499176129638e-01 -1.13183308302365e-01
 1.52214602777260e-01 -1.10341613944018e-01
 1.42331759398971e-01 -1.07335926784225e-01
 1.32872111539190e-01 -1.04254140268109e-01
 1.23806439629760e-01 -1.01051394729145e-01
 1.15147623386077e-01 -9.78037192103004e-02
 1.06887208802748e-01 -9.44939541430263e-02
 9.90071115215634e-02 -9.10989645529170e-02
 9.15234043853439e-02 -8.77672227938467e-02
 8.43970428172224e-02 -8.43826584017052e-02
 7.76464790199521e-02 -8.10534941978261e-02
 7.12479082120209e-02 -7.76456535672896e-02
 6.51878662973747e-02 -7.43659046622218e-02
 5.94874721274202e-02 -7.10400270619058e-02
 5.41002464180900e-02 -6.76763580478984e-02
 4.90378786701877e-02 -6.43836794631957e-02
 4.43003497573338e-02 -6.11122210097028e-02
 3.98423597346806e-02 -5.78617114558498e-02
 3.56899752436130e-02 -5.46188761639046e-02
 3.18292350050658e-02 -5.14295946152727e-02
 2.82200072057899e-02 -4.82931057706977e-02
 2.48925247792699e-02 -4.52277401815679e-02
 2.18286683030034e-02 -4.21615539314822e-02
 1.89846947131331e-02 -3.91671583381016e-02
 1.63921917020335e-02 -3.62601453414840e-02
 1.40446346341990e-02 -3.34730948929331e-02
 1.18798249846349e-02 -3.07375397274084e-02
 9.93094518736223e-03 -2.81002540553899e-02
 8.21940795734749e-03 -2.55581295626047e-02
 6.65838622137879e-03 -2.30104546422940e-02
 5.26774192850643e-03 -2.04237274501608e-02
 4.09515753852961e-03 -1.80125525719720e-02
 3.09878859713640e-03 -1.56257393449799e-02
 2.19660773551101e-03 -1.31559257337674e-02
 1.46264176301869e-03 -1.06954110580547e-02
 9.64484608297914e-04 -8.68793735151328e-03
 5.99373867982851e-04 -6.78321848048776e-03
 2.90086645599082e-04 -4.68720557625770e-03
 7.80707788302466e-05 -2.22873994109409e-03
 0.00000000000000e+00  0.00000000000000e+00
 7.80412061165972e-05  2.23295537887090e-03
 2.89878724192004e-04  4.56801502514779e-03
 5.98775316682048e-04  6.65688730654898e-03
 9.63326351634835e-04  8.47723260657368e-03
 1.45966821282819e-03  1.01918605257641e-02
 2.19097636449990e-03  1.22251703149117e-02
 3.08997841959778e-03  1.43218963303150e-02
 4.08271112470316e-03  1.61675366968912e-02
 5.24853124383664e-03  1.81541904525537e-02
 6.63128223001261e-03  2.02069073100039e-02
 8.18368429859057e-03  2.22933386939029e-02
 9.88361416849065e-03  2.44450292261649e-02
 1.18176401547236e-02  2.67509097682722e-02
 1.39661993216829e-02  2.91130919792165e-02
 1.62951420791042e-02  3.14526534674287e-02
 1.88631937781153e-02  3.39559820664646e-02
 2.16807137532775e-02  3.65760220197132e-02
 2.47159162958630e-02  3.91717225161346e-02
 2.80064400105862e-02  4.18045331088298e-02
 3.15762558914965e-02  4.45394138470043e-02
 3.53948396168776e-02  4.73656764041001e-02
 3.94949825480075e-02  5.02761891632486e-02
 4.38979282781582e-02  5.32365327757019e-02
 4.85758075737765e-02  5.62034376603994e-02
 5.35679916138119e-02  5.92666157270108e-02
 5.88818211488708e-02  6.23209926996486e-02
 6.45001629027312e-02  6.53975930001467e-02
 7.04692046391145e-02  6.85329571835101e-02
 7.67740309924711e-02  7.18066367025420e-02
 8.34162127168367e-02  7.49315935246669e-02
 9.04290195190654e-02  7.81832326822102e-02
 9.77906533229447e-02  8.13994651527864e-02
 1.05536187198748e-01  8.45912901515530e-02
 1.13658760041779e-01  8.77934280052322e-02
 1.22161483318940e-01  9.10029828007172e-02
 1.31067498602735e-01  9.41939781183521e-02
 1.40354649921884e-01  9.72703404050750e-02
 1.50055110786138e-01  1.00404731640498e-01
 1.60148962661562e-01  1.03444846062861e-01
 1.70658187899640e-01  1.06387926999439e-01
 1.81574957422924e-01  1.09215982241661e-01
 1.92907571409635e-01  1.11911276334121e-01
 2.04657634577812e-01  1.14583644136162e-01
 2.16817353069425e-01  1.17126819417226e-01
 2.29396483963478e-01  1.19419542555563e-01
 2.42377800694080e-01  1.21577610628858e-01
 2.55773624268338e-01  1.23485666126340e-01
 2.69566785632899e-01  1.25275358785733e-01
 2.83765797226135e-01  1.26762327773220e-01
 2.98347982887804e-01  1.27985605622809e-01
 3.13318978785268e-01  1.28921783009263e-01
 3.28658461892810e-01  1.29520074300491e-01
 3.44364941645546e-01  1.29748869045373e-01
 3.60419773725681e-01  1.29622513714535e-01
 3.76811233766957e-01  1.29079135525430e-01
 3.93525251020729e-01  1.28219059993390e-01
 4.10538642553571e-01  1.27024573002861e-01
 4.27843232490823e-01  1.25539215415923e-01
 4.45406663468198e-01  1.23761049728618e-01
 4.63222254103030e-01  1.21742459088831e-01
 4.81251545655716e-01  1.19422995181270e-01
 4.99481026671737e-01  1.16830567336998e-01
 5.17879583085697e-01  1.14068658417716e-01
 5.36417631367010e-01  1.11075808540637e-01
 5.55075704909560e-01  1.07876199202400e-01
 5.73808427242608e-01  1.04504805706134e-01
 5.92596731105059e-01  1.01002888433376e-01
 6.11401377553511e-01  9.73567373369064e-02
 6.30186430605241e-01  9.35350374442281e-02
 6.48926781663159e-01  8.95842290133042e-02
 6.67570206424973e-01  8.55877515621023e-02
 6.86088429590952e-01  8.15209701531341e-02
 7.04445389043917e-01  7.74021140853517e-02
 7.22592093722966e-01  7.32746554924020e-02
 7.40501800453524e-01  6.91567406565992e-02
 7.58125457122835e-01  6.50437496726530e-02
 7.75421014376153e-01  6.09569856159164e-02
 7.92362373587600e-01  5.69109245111405e-02
 8.08894546151696e-01  5.29144365905819e-02
 8.24974633014891e-01  4.90069241078235e-02
 8.40576952273409e-01  4.51481107629501e-02
 8.55652758808818e-01  4.14326640842289e-02
 8.70162898882712e-01  3.78506774618135e-02
 8.84085033071272e-01  3.43820708966716e-02
 8.97361214262371e-01  3.10571685082698e-02
 9.09954680076662e-01  2.79112114708734e-02
 9.21851471402547e-01  2.49210592468785e-02
 9.33012836658427e-01  2.20432845159018e-02
 9.43389278969050e-01  1.94285342354971e-02
 9.52973153850560e-01  1.66991744405431e-02
 9.61743130827061e-01  1.40680221947186e-02
 9.69640690675464e-01  1.15750393196202e-02
 9.76664215898664e-01  9.24928023865064e-03
 9.82815077112014e-01  7.12137782532099e-03
 9.88028440045103e-01  5.24666929264801e-03
 9.92304836603751e-01  3.65753215887467e-03
 9.95693518775914e-01  2.36401596061077e-03
 9.98120489340015e-01  1.41839376008091e-03
 9.99443037908705e-01  8.96193208987194e-04
 1.00000000000000e+00  6.74805765925740e-04
