                   201   NumCoords   ! The number of coordinates in the airfoil shape file (including an extra coordinate for airfoil reference).  Set to zero if coordinates not included.
! ......... x-y coordinates are next if NumCoords > 0 .............
! x-y coordinate of airfoil reference
!  x/c        y/c
 0.210000       0
! coordinates of airfoil shape
! interpolation to 200 points
!  x/c        y/c
 1.00000000000000e+00 -1.40000000000000e-03
 9.99429683992583e-01 -1.32228368347927e-03
 9.98063017832965e-01 -1.13693556376468e-03
 9.95573914266674e-01 -8.02528397372677e-04
 9.92086309749559e-01 -3.40688426722023e-04
 9.87686148675057e-01  2.31199720880443e-04
 9.82330525170640e-01  9.11755675965175e-04
 9.76011908335692e-01  1.69404477596362e-03
 9.68787467298381e-01  2.56308028385925e-03
 9.60674860259240e-01  3.50952602970481e-03
 9.51675358763677e-01  4.52701399593042e-03
 9.41827652746244e-01  5.60665758880533e-03
 9.31175295355131e-01  6.68786811800140e-03
 9.19730397431178e-01  7.72114380044905e-03
 9.07524559194720e-01  8.56114310417417e-03
 8.94610408070308e-01  9.26220990170300e-03
 8.81009696499435e-01  9.82019202042048e-03
 8.66747905197194e-01  9.87371718862277e-03
 8.51890258171205e-01  9.72512482384323e-03
 8.36469462621421e-01  9.24068182368701e-03
 8.20513485943698e-01  8.30542163840054e-03
 8.04073832217581e-01  6.82503286799016e-03
 7.87191529885653e-01  4.83536429575009e-03
 7.69897919101553e-01  2.33400481435490e-03
 7.52252341235159e-01 -5.97096105437996e-04
 7.34291349178558e-01 -4.06387423591512e-03
 7.16044924955764e-01 -7.91178171173940e-03
 6.97571640033109e-01 -1.20605017953957e-02
 6.78906186433687e-01 -1.65356122286071e-02
 6.60080312620540e-01 -2.12922841622212e-02
 6.41147517137212e-01 -2.61942019923827e-02
 6.22137650968852e-01 -3.11442107480985e-02
 6.03087998194415e-01 -3.60971204694521e-02
 5.84045042118975e-01 -4.10632553775953e-02
 5.65030897687003e-01 -4.59361178824907e-02
 5.46088602779599e-01 -5.06696039592325e-02
 5.27248673916899e-01 -5.52674517573259e-02
 5.08535950506088e-01 -5.95993313623805e-02
 4.89992355470388e-01 -6.36745800686619e-02
 4.71632114506831e-01 -6.74733677482245e-02
 4.53492503744347e-01 -7.09516414914269e-02
 4.35593302897673e-01 -7.41614301251632e-02
 4.17956065616942e-01 -7.70145696262976e-02
 4.00609748442576e-01 -7.95175916103827e-02
 3.83560931606009e-01 -8.17530734334429e-02
 3.66843215733716e-01 -8.36227179956502e-02
 3.50457316320503e-01 -8.52588955357308e-02
 3.34434484008630e-01 -8.65020897021821e-02
 3.18774100329315e-01 -8.74663173419475e-02
 3.03499623121295e-01 -8.81832702368918e-02
 2.88611293565648e-01 -8.85189803791062e-02
 2.74124386665666e-01 -8.86000000000000e-02
 2.60041455523719e-01 -8.85006218292936e-02
 2.46374872015917e-01 -8.80701153124385e-02
 2.33123443938834e-01 -8.74022739248764e-02
 2.20293777810423e-01 -8.65219011482428e-02
 2.07883282965331e-01 -8.55046264495533e-02
 1.95902956391646e-01 -8.42658860138325e-02
 1.84341253066628e-01 -8.28888247293655e-02
 1.73213930954160e-01 -8.12967613742804e-02
 1.62499176129638e-01 -7.96155200462755e-02
 1.52214602777260e-01 -7.78153881829709e-02
 1.42331759398971e-01 -7.58774290033349e-02
 1.32872111539190e-01 -7.39265842237283e-02
 1.23806439629760e-01 -7.18350554450682e-02
 1.15147623386077e-01 -6.97106174317970e-02
 1.06887208802748e-01 -6.75590064340134e-02
 9.90071115215634e-02 -6.53095491680501e-02
 9.15234043853439e-02 -6.29908208499130e-02
 8.43970428172224e-02 -6.07004200493237e-02
 7.76464790199521e-02 -5.83595143167474e-02
 7.12479082120209e-02 -5.60625618726632e-02
 6.51878662973747e-02 -5.36752895406115e-02
 5.94874721274202e-02 -5.13835987400348e-02
 5.41002464180900e-02 -4.89948433408950e-02
 4.90378786701877e-02 -4.66334775224686e-02
 4.43003497573338e-02 -4.42430804889733e-02
 3.98423597346806e-02 -4.19149251699255e-02
 3.56899752436130e-02 -3.96026869859949e-02
 3.18292350050658e-02 -3.72617574846671e-02
 2.82200072057899e-02 -3.49558214874012e-02
 2.48925247792699e-02 -3.27248924573291e-02
 2.18286683030034e-02 -3.04948213021775e-02
 1.89846947131331e-02 -2.83024981002572e-02
 1.63921917020335e-02 -2.61869171982892e-02
 1.40446346341990e-02 -2.41449620563631e-02
 1.18798249846349e-02 -2.21007739830095e-02
 9.93094518736223e-03 -2.01267451171096e-02
 8.21940795734749e-03 -1.82477426475358e-02
 6.65838622137879e-03 -1.63673016537907e-02
 5.26774192850643e-03 -1.44844911939171e-02
 4.09515753852961e-03 -1.27504640938962e-02
 3.09878859713640e-03 -1.10832328138642e-02
 2.19660773551101e-03 -9.24862130024628e-03
 1.46264176301869e-03 -7.49570647428685e-03
 9.64484608297914e-04 -6.07434606133342e-03
 5.99373867982851e-04 -4.75984620436047e-03
 2.90086645599082e-04 -3.34566705935434e-03
 7.80707788302466e-05 -1.67598096765819e-03
 0.00000000000000e+00  0.00000000000000e+00
 7.80412061165972e-05  1.67545711700421e-03
 2.89878724192004e-04  3.43398328293052e-03
 5.98775316682048e-04  4.94928510191932e-03
 9.63326351634835e-04  6.44689263132341e-03
 1.45966821282819e-03  7.97927162762471e-03
 2.19097636449990e-03  9.76307605733617e-03
 3.08997841959778e-03  1.15792377630966e-02
 4.08271112470316e-03  1.34422061018643e-02
 5.24853124383664e-03  1.52819887015523e-02
 6.63128223001261e-03  1.72955575092422e-02
 8.18368429859057e-03  1.93402217944094e-02
 9.88361416849065e-03  2.14624995582809e-02
 1.18176401547236e-02  2.37343352564098e-02
 1.39661993216829e-02  2.60538621944668e-02
 1.62951420791042e-02  2.83614928129865e-02
 1.88631937781153e-02  3.07690080378761e-02
 2.16807137532775e-02  3.32810195785030e-02
 2.47159162958630e-02  3.58640358209766e-02
 2.80064400105862e-02  3.85414373279759e-02
 3.15762558914965e-02  4.12983770044599e-02
 3.53948396168776e-02  4.40784060998336e-02
 3.94949825480075e-02  4.68620481419710e-02
 4.38979282781582e-02  4.97883124926855e-02
 4.85758075737765e-02  5.27376755334179e-02
 5.35679916138119e-02  5.56825134216961e-02
 5.88818211488708e-02  5.86825894645974e-02
 6.45001629027312e-02  6.17346548831450e-02
 7.04692046391145e-02  6.48326155128038e-02
 7.67740309924711e-02  6.78556823723011e-02
 8.34162127168367e-02  7.09823703278834e-02
 9.04290195190654e-02  7.40894736983389e-02
 9.77906533229447e-02  7.72297417187852e-02
 1.05536187198748e-01  8.02792137371931e-02
 1.13658760041779e-01  8.33767909211882e-02
 1.22161483318940e-01  8.64751701250926e-02
 1.31067498602735e-01  8.95548545119545e-02
 1.40354649921884e-01  9.25096496368909e-02
 1.50055110786138e-01  9.54162531623458e-02
 1.60148962661562e-01  9.83416365683416e-02
 1.70658187899640e-01  1.01170491583090e-01
 1.81574957422924e-01  1.03874021796353e-01
 1.92907571409635e-01  1.06453097551673e-01
 2.04657634577812e-01  1.08950130524535e-01
 2.16817353069425e-01  1.11314274813470e-01
 2.29396483963478e-01  1.13500470586686e-01
 2.42377800694080e-01  1.15548020234381e-01
 2.55773624268338e-01  1.17370799225194e-01
 2.69566785632899e-01  1.18954587867224e-01
 2.83765797226135e-01  1.20361768092654e-01
 2.98347982887804e-01  1.21403612931526e-01
 3.13318978785268e-01  1.22254423583796e-01
 3.28658461892810e-01  1.22680913008909e-01
 3.44364941645546e-01  1.22773789740161e-01
 3.60419773725681e-01  1.22488421031209e-01
 3.76811233766957e-01  1.21770010358551e-01
 3.93525251020729e-01  1.20795381875459e-01
 4.10538642553571e-01  1.19554074878235e-01
 4.27843232490823e-01  1.18000393744956e-01
 4.45406663468198e-01  1.16218752466706e-01
 4.63222254103030e-01  1.14109869954299e-01
 4.81251545655716e-01  1.11761360685301e-01
 4.99481026671737e-01  1.09175608972017e-01
 5.17879583085697e-01  1.06412385601556e-01
 5.36417631367010e-01  1.03470107039559e-01
 5.55075704909560e-01  1.00314988477951e-01
 5.73808427242608e-01  9.69170735492648e-02
 5.92596731105059e-01  9.34796807347214e-02
 6.11401377553511e-01  8.99357986079301e-02
 6.30186430605241e-01  8.62793548057958e-02
 6.48926781663159e-01  8.25186787504738e-02
 6.67570206424973e-01  7.86589960200928e-02
 6.86088429590952e-01  7.47616077706981e-02
 7.04445389043917e-01  7.08471500697853e-02
 7.22592093722966e-01  6.69244275640290e-02
 7.40501800453524e-01  6.29941201805054e-02
 7.58125457122835e-01  5.91194024028681e-02
 7.75421014376153e-01  5.53056794246793e-02
 7.92362373587600e-01  5.14552800674912e-02
 8.08894546151696e-01  4.76479546985182e-02
 8.24974633014891e-01  4.39059353907398e-02
 8.40576952273409e-01  4.02283031319995e-02
 8.55652758808818e-01  3.66679105867396e-02
 8.70162898882712e-01  3.32477957421988e-02
 8.84085033071272e-01  2.99270175039776e-02
 8.97361214262371e-01  2.67338110213060e-02
 9.09954680076662e-01  2.37108767816012e-02
 9.21851471402547e-01  2.08570149965594e-02
 9.33012836658427e-01  1.81510594207889e-02
 9.43389278969050e-01  1.55793183360428e-02
 9.52973153850560e-01  1.31925575460265e-02
 9.61743130827061e-01  1.10047385958515e-02
 9.69640690675464e-01  9.03084715269827e-03
 9.76664215898664e-01  7.27199112349692e-03
 9.82815077112014e-01  5.72870928203546e-03
 9.88028440045103e-01  4.41828211003516e-03
 9.92304836603751e-01  3.34162950438558e-03
 9.95693518775914e-01  2.48729700203908e-03
 9.98120489340015e-01  1.87475911637090e-03
 9.99443037908705e-01  1.54072338296842e-03
 1.00000000000000e+00  1.40000000000000e-03
