
 Case: 5MW_Land_BD_Linear:1.lin: :
            Freq (Hz)        Damp (%)
           0.188546488      0.000005974
           0.322052889      0.003575037
           0.327190471      0.003529440
           0.729458921      0.004355921
           0.741032575      0.004305915
           0.763015447      0.004570600
           1.109901183      0.004628324
           1.126696005      0.004693187
           1.691631016      0.021192285
           2.018051091      0.011813176

 Case: 5MW_Land_BD_Linear:BD3.lin: :
            Freq (Hz)        Damp (%)
           0.738975804      0.004419274
           1.110355322      0.004632445
           2.087324059      0.013145324
           3.785142507      0.015866669
           4.953143272      0.030975391
           5.656140930      0.038652447
           8.459625029      0.033424421
           9.944108072      0.068098045
          11.623270303      0.059961905
          14.897450557      0.046833449

 Case: 5MW_Land_BD_Linear:BD2.lin: :
            Freq (Hz)        Damp (%)
           0.747847739      0.004371723
           1.115626950      0.004609357
           2.096841543      0.013088282
           3.789916179      0.015842516
           4.960876364      0.030925284
           5.662767055      0.038610750
           8.463674496      0.033404556
           9.953677518      0.068034489
          11.629520562      0.059925846
          14.898108418      0.046806306

 Case: 5MW_Land_BD_Linear:ED.lin: :
            Freq (Hz)        Damp (%)
           0.001217440     -0.788018845
           0.349716321      0.003893247
           0.354365494      0.003867625
           2.882901234      0.009398233
           2.965064506      0.009701456
          13.950785885      0.313903913

 Case: 5MW_Land_BD_Linear:BD1.lin: :
            Freq (Hz)        Damp (%)
           0.740438615      0.004427149
           1.111274933      0.004627519
           2.088817603      0.013154824
           3.785403199      0.015861189
           4.954502781      0.030977980
           5.658668464      0.038640480
           8.460067837      0.033423940
           9.946689419      0.068086816
          11.625801741      0.059958468
          14.897399832      0.046855580
