1
1
3
0
(8 0
((183,111,0) (199,127,23) (0,0,0))
((200,111,0) (215,127,23) (0,0,0))
((183,128,0) (199,143,23) (0,0,0))
((200,128,0) (215,143,23) (0,0,0))
((183,111,24) (199,127,46) (0,0,0))
((200,111,24) (215,127,46) (0,0,0))
((183,128,24) (199,143,46) (0,0,0))
((200,128,24) (215,143,46) (0,0,0))
)
8
FabOnDisk: Cell_D_00085 0
FabOnDisk: Cell_D_00100 0
FabOnDisk: Cell_D_00104 0
FabOnDisk: Cell_D_00081 0
FabOnDisk: Cell_D_00092 0
FabOnDisk: Cell_D_00109 0
FabOnDisk: Cell_D_00108 0
FabOnDisk: Cell_D_00093 0

8,3
3.83728789351538468e+00,-2.16280540058345710e-01,-1.78627349821291331e-02,
3.83749020950829145e+00,-2.08804858214815564e-01,-1.98016678428041305e-02,
3.83719193494285760e+00,-2.17221575767926417e-01,-1.83169887801384219e-02,
3.83698814990639114e+00,-2.08884587337302835e-01,-1.94683806978926052e-02,
7.78679030924991178e+00,-2.74143873638485469e-01,-1.56817928067165061e-02,
7.79269034383844872e+00,-2.65309283077100888e-01,-1.75923176070319973e-02,
7.78070819184147489e+00,-2.73979300918906377e-01,-1.65461701645981882e-02,
7.78964135781577216e+00,-2.66919225382017455e-01,-1.75547792195392682e-02,

8,3
8.17243525425250539e+00,3.39923070608322206e-02,1.55553311127716934e-02,
8.17202818705780487e+00,1.38868479040116760e-01,1.87663787631386116e-02,
8.18118617700425865e+00,3.39656210304622244e-02,1.65004710169331971e-02,
8.17417112020853587e+00,1.39568203498841775e-01,1.88615861342038074e-02,
8.21921974655755072e+00,-3.38635847227639480e-02,1.38223382228679411e-02,
8.20638813385972732e+00,1.82493145173160759e-01,1.61993208045908658e-02,
8.21074602450989843e+00,-3.53272885194041916e-02,1.44262316037363555e-02,
8.20999898712679688e+00,1.83387964127937397e-01,1.62377744000161278e-02,

