1
1
3
0
(20 0
((83,47,0) (109,63,23) (0,0,0))
((110,47,0) (136,63,23) (0,0,0))
((137,47,0) (163,63,23) (0,0,0))
((164,47,0) (189,63,23) (0,0,0))
((190,47,0) (215,63,23) (0,0,0))
((83,64,0) (109,79,23) (0,0,0))
((110,64,0) (136,79,23) (0,0,0))
((137,64,0) (163,79,23) (0,0,0))
((164,64,0) (189,79,23) (0,0,0))
((190,64,0) (215,79,23) (0,0,0))
((83,47,24) (109,63,39) (0,0,0))
((110,47,24) (136,63,39) (0,0,0))
((137,47,24) (163,63,39) (0,0,0))
((164,47,24) (189,63,39) (0,0,0))
((190,47,24) (215,63,39) (0,0,0))
((83,64,24) (109,79,39) (0,0,0))
((110,64,24) (136,79,39) (0,0,0))
((137,64,24) (163,79,39) (0,0,0))
((164,64,24) (189,79,39) (0,0,0))
((190,64,24) (215,79,39) (0,0,0))
)
20
FabOnDisk: Cell_D_00085 0
FabOnDisk: Cell_D_00092 0
FabOnDisk: Cell_D_00100 0
FabOnDisk: Cell_D_00104 0
FabOnDisk: Cell_D_00109 0
FabOnDisk: Cell_D_00108 0
FabOnDisk: Cell_D_00081 0
FabOnDisk: Cell_D_00093 0
FabOnDisk: Cell_D_00097 0
FabOnDisk: Cell_D_00086 0
FabOnDisk: Cell_D_00090 0
FabOnDisk: Cell_D_00098 0
FabOnDisk: Cell_D_00088 0
FabOnDisk: Cell_D_00089 0
FabOnDisk: Cell_D_00101 0
FabOnDisk: Cell_D_00105 0
FabOnDisk: Cell_D_00082 0
FabOnDisk: Cell_D_00094 0
FabOnDisk: Cell_D_00106 0
FabOnDisk: Cell_D_00084 0

20,3
4.71280116749742106e+00,-2.74141483954903564e-01,-2.09182422372412129e-02,
4.71280116861933607e+00,-2.74141483961131915e-01,-2.09182422581224922e-02,
4.71280116801365345e+00,-2.69849819413815639e-01,-2.09182422181438676e-02,
4.71323619489129975e+00,-2.74141483916313544e-01,-2.09182420625287080e-02,
4.71280116884348033e+00,-2.74141483908676709e-01,-2.01695339041377403e-02,
4.71279189058477677e+00,-2.74110634261365782e-01,-2.08022933709199644e-02,
4.71279189174299962e+00,-2.74110634246700235e-01,-2.08022934492514203e-02,
4.71279189058804970e+00,-2.69588381963286827e-01,-2.08022935361548700e-02,
4.71323851875671984e+00,-2.74110634228815209e-01,-2.08022935247133174e-02,
4.71279189125879050e+00,-2.74110634259141339e-01,-2.03003583589711767e-02,
7.79268154960402626e+00,-2.60078399261449378e-01,-1.25214095790716212e-02,
7.79268154980304839e+00,-2.60078399264809357e-01,-1.17402530574641627e-02,
7.79268154995807816e+00,-2.55998290585178756e-01,-1.25214097600446408e-02,
7.79268155030444643e+00,-2.60078399222697709e-01,-1.25214098354444452e-02,
7.79268155013446773e+00,-2.60078399218512946e-01,-1.25214099220438916e-02,
7.79244687436614925e+00,-2.59868130621786819e-01,-1.25978012287697866e-02,
7.79244687444348649e+00,-2.59868130614137272e-01,-1.16670246011258000e-02,
7.79266001879462245e+00,-2.56202435673455242e-01,-1.25978013388967462e-02,
7.79244687486158405e+00,-2.59868130587961599e-01,-1.25978012745023935e-02,
7.79244687477143749e+00,-2.59868130633130079e-01,-1.25978012731928646e-02,

20,3
8.21621071482815069e+00,2.73971560832355465e-01,1.91647806042494762e-02,
8.21621071496241484e+00,2.73971560818724202e-01,1.80472062488539128e-02,
8.21621071518081436e+00,2.73971560789767088e-01,1.91647806054185792e-02,
8.21614055082564398e+00,2.73971560787786617e-01,1.91647804933004831e-02,
8.21621071529055769e+00,2.73971560809039005e-01,1.91647805039888777e-02,
8.21669057462382213e+00,2.74055402544341686e-01,1.92155549743317430e-02,
8.21669057478709952e+00,2.74055402570961892e-01,1.80027524092543356e-02,
8.21669057490721855e+00,2.74055402541903248e-01,1.92155550803618444e-02,
8.21669057518867874e+00,2.74055402522373814e-01,1.92155551028848071e-02,
8.21669057522388968e+00,2.74055402548767646e-01,1.92155552326816262e-02,
8.20645923024881085e+00,2.59697551987290387e-01,1.41174213077425951e-02,
8.20645923037628933e+00,2.59697551978124219e-01,1.41174211428435163e-02,
8.20645923058275883e+00,2.59697551943715632e-01,1.41174209929952957e-02,
8.20626335252067207e+00,2.59697551943655902e-01,1.41174209198850955e-02,
8.20645923064601668e+00,2.59697551955658024e-01,1.36405319583251007e-02,
8.20656397909974267e+00,2.59923918389398878e-01,1.41605754329784915e-02,
8.20656397931123394e+00,2.59923918414657285e-01,1.41605753001416475e-02,
8.20656397939057669e+00,2.59923918384292962e-01,1.41605753110161207e-02,
8.20656397968802764e+00,2.59923918348530902e-01,1.41605753365620177e-02,
8.20656397965763418e+00,2.59923918379862728e-01,1.36227202037391380e-02,

