1
1
3
0
(20 0
((83,47,0) (109,63,23) (0,0,0))
((110,47,0) (136,63,23) (0,0,0))
((137,47,0) (163,63,23) (0,0,0))
((164,47,0) (189,63,23) (0,0,0))
((190,47,0) (215,63,23) (0,0,0))
((83,64,0) (109,79,23) (0,0,0))
((110,64,0) (136,79,23) (0,0,0))
((137,64,0) (163,79,23) (0,0,0))
((164,64,0) (189,79,23) (0,0,0))
((190,64,0) (215,79,23) (0,0,0))
((83,47,24) (109,63,39) (0,0,0))
((110,47,24) (136,63,39) (0,0,0))
((137,47,24) (163,63,39) (0,0,0))
((164,47,24) (189,63,39) (0,0,0))
((190,47,24) (215,63,39) (0,0,0))
((83,64,24) (109,79,39) (0,0,0))
((110,64,24) (136,79,39) (0,0,0))
((137,64,24) (163,79,39) (0,0,0))
((164,64,24) (189,79,39) (0,0,0))
((190,64,24) (215,79,39) (0,0,0))
)
20
FabOnDisk: Cell_D_00085 0
FabOnDisk: Cell_D_00092 0
FabOnDisk: Cell_D_00100 0
FabOnDisk: Cell_D_00104 0
FabOnDisk: Cell_D_00109 0
FabOnDisk: Cell_D_00108 0
FabOnDisk: Cell_D_00081 0
FabOnDisk: Cell_D_00093 0
FabOnDisk: Cell_D_00097 0
FabOnDisk: Cell_D_00086 0
FabOnDisk: Cell_D_00090 0
FabOnDisk: Cell_D_00098 0
FabOnDisk: Cell_D_00088 0
FabOnDisk: Cell_D_00089 0
FabOnDisk: Cell_D_00101 0
FabOnDisk: Cell_D_00105 0
FabOnDisk: Cell_D_00082 0
FabOnDisk: Cell_D_00094 0
FabOnDisk: Cell_D_00106 0
FabOnDisk: Cell_D_00084 0

20,3
4.74570861124156540e+00,-2.72204886677726687e-01,-2.01800417453043453e-02,
4.74570861223111962e+00,-2.72204886687451020e-01,-2.01800418148911503e-02,
4.74570861152790435e+00,-2.72204886642499977e-01,-2.01800417413505601e-02,
4.74570861225804386e+00,-2.55037934441510961e-01,-2.01800416251878070e-02,
4.74582744139439239e+00,-2.72204886634815291e-01,-1.97071036992328766e-02,
4.74570773789324907e+00,-2.71978207907525638e-01,-2.01053622532973569e-02,
4.74570773890836062e+00,-2.71978207891715063e-01,-2.01053623742378541e-02,
4.74570773805136614e+00,-2.71978207874854938e-01,-2.01053624129478026e-02,
4.74570773860088213e+00,-2.54984551246946911e-01,-2.01053624343624053e-02,
4.74583599551178636e+00,-2.71978207910046177e-01,-1.97424745956543655e-02,
7.79136952855143772e+00,-2.58046497148816223e-01,-1.22174676009410774e-02,
7.79102657503298435e+00,-2.58046497154164944e-01,-1.22174677285332225e-02,
7.79102657515492236e+00,-2.58046497113417317e-01,-1.21931583083209234e-02,
7.79102657552019373e+00,-2.41251833873878302e-01,-1.22174676424987826e-02,
7.79102657531997256e+00,-2.58046497106572847e-01,-1.22174676538509535e-02,
7.79073854447771907e+00,-2.57681156163265368e-01,-1.22534053657045311e-02,
7.79073854454992620e+00,-2.57681156142622825e-01,-1.22384251680400531e-02,
7.79073854495932405e+00,-2.57681156126307209e-01,-1.22534055121821962e-02,
7.79155269769208214e+00,-2.41084088596049434e-01,-1.22534054206500688e-02,
7.79073854488385376e+00,-2.57681156168522218e-01,-1.22534054602391109e-02,

20,3
8.21772723218398760e+00,2.63391601150492149e-01,1.85805859281808587e-02,
8.21772723233158864e+00,2.71799279948425232e-01,1.84911171282514004e-02,
8.21772723252082216e+00,2.71799279912583347e-01,1.85805859584956511e-02,
8.21726215758723733e+00,2.71799279911028036e-01,1.85805858152674128e-02,
8.21772723268717620e+00,2.71799279937438854e-01,1.85805858690432160e-02,
8.21702615410763570e+00,2.63178030447364042e-01,1.86049945482232131e-02,
8.21808889209849269e+00,2.72082408528213526e-01,1.83746585189854712e-02,
8.21808889220760008e+00,2.72082408500682604e-01,1.86049946652284241e-02,
8.21808889250333863e+00,2.72082408481460369e-01,1.86049946611838123e-02,
8.21808889252386798e+00,2.72082408507494211e-01,1.86049948273416289e-02,
8.20742194285813653e+00,2.49773541752770945e-01,1.35128055679673894e-02,
8.20742194300934003e+00,2.57607065980214878e-01,1.35128054021724335e-02,
8.20742194318257567e+00,2.57607065947221492e-01,1.35128052628771343e-02,
8.20592664149569373e+00,2.57607065954647607e-01,1.35128051892406467e-02,
8.20742194330680697e+00,2.57607065980140548e-01,1.32446990731075916e-02,
8.20597599450386994e+00,2.49599322768739473e-01,1.35774913415831859e-02,
8.20750286619441027e+00,2.57856712903957619e-01,1.35774912052073603e-02,
8.20750286626092951e+00,2.57856712874644178e-01,1.35774912116532025e-02,
8.20750286657514749e+00,2.57856712842977065e-01,1.35774912314039539e-02,
8.20750286652931926e+00,2.57856712870710048e-01,1.31673387322377728e-02,

