                   201   NumCoords   ! The number of coordinates in the airfoil shape file (including an extra coordinate for airfoil reference).  Set to zero if coordinates not included.
! ......... x-y coordinates are next if NumCoords > 0 .............
! x-y coordinate of airfoil reference
!  x/c        y/c
 0.369879       0
! coordinates of airfoil shape
! interpolation to 200 points
!  x/c        y/c
 1.00000000000000e+00 -1.61914519542696e-03
 9.73894903244308e-01 -2.43211288697999e-03
 9.47815547647648e-01 -3.72431960082685e-03
 9.21887711279392e-01 -5.66117497715200e-03
 8.96115379785458e-01 -7.07268917818771e-03
 8.70620639247878e-01 -1.01270359757221e-02
 8.45495138347418e-01 -1.47257820258703e-02
 8.20693301079893e-01 -2.06498535734011e-02
 7.96288309760601e-01 -2.75745025302349e-02
 7.72338337261888e-01 -3.53101828572438e-02
 7.48858576431479e-01 -4.37022881360295e-02
 7.25850894180664e-01 -5.26317718434335e-02
 7.03280113745494e-01 -6.18991810906307e-02
 6.81115073769939e-01 -7.13443211117866e-02
 6.59313089319075e-01 -8.08096201521285e-02
 6.37841279682482e-01 -9.01682926790299e-02
 6.16671757102320e-01 -9.93177731149430e-02
 5.95783470169301e-01 -1.08170206209681e-01
 5.75048865643688e-01 -1.16657469736315e-01
 5.54528769608773e-01 -1.24743485067393e-01
 5.34269707276327e-01 -1.32372786359226e-01
 5.14280827278379e-01 -1.39517821870939e-01
 4.94580175490086e-01 -1.46168440804495e-01
 4.75168271881382e-01 -1.52294403439294e-01
 4.56065440871374e-01 -1.57888254648039e-01
 4.37273267917149e-01 -1.62915532431640e-01
 4.18802617346024e-01 -1.67337795828388e-01
 4.00670885250511e-01 -1.71159578638973e-01
 3.82897830505917e-01 -1.74405176338327e-01
 3.65501320915813e-01 -1.77094852077444e-01
 3.48498450922945e-01 -1.79261347099589e-01
 3.31902610725726e-01 -1.80910225339378e-01
 3.15726475625067e-01 -1.82072004997834e-01
 2.99980995450039e-01 -1.82775042684383e-01
 2.84676473390302e-01 -1.83020023420551e-01
 2.69820238005220e-01 -1.82877932349352e-01
 2.55419574120340e-01 -1.82304906908403e-01
 2.41477357367874e-01 -1.81354346598876e-01
 2.27999828550228e-01 -1.80052720128738e-01
 2.14988340306269e-01 -1.78422864644091e-01
 2.02442031080059e-01 -1.76493872639683e-01
 1.90361916554612e-01 -1.74289730797944e-01
 1.78742901035223e-01 -1.71835021510435e-01
 1.67584524263419e-01 -1.69149211205418e-01
 1.56878866988366e-01 -1.66262329974947e-01
 1.46628698773258e-01 -1.63166519873920e-01
 1.36828480152700e-01 -1.59887485665573e-01
 1.27467040343420e-01 -1.56449255938463e-01
 1.18547122278013e-01 -1.52855905358272e-01
 1.10052432540606e-01 -1.49138540576723e-01
 1.01979797407212e-01 -1.45309402660923e-01
 9.43239489408043e-02 -1.41374667361048e-01
 8.70752280219965e-02 -1.37349816768320e-01
 8.02339629835662e-02 -1.33239099703404e-01
 7.37852468593064e-02 -1.29060892354709e-01
 6.77199291797165e-02 -1.24829791033006e-01
 6.20316695276933e-02 -1.20555843085929e-01
 5.67050727398258e-02 -1.16257087816897e-01
 5.17370531865395e-02 -1.11944609157779e-01
 4.71037540259826e-02 -1.07639066697336e-01
 4.27859228486715e-02 -1.03355936840763e-01
 3.87810144834077e-02 -9.91049607168031e-02
 3.50716003675823e-02 -9.48960964034336e-02
 3.16463288909760e-02 -9.07361555068331e-02
 2.84924923765887e-02 -8.66322870155763e-02
 2.55940535168400e-02 -8.25926944429079e-02
 2.29476705597984e-02 -7.86215551525763e-02
 2.05343673855714e-02 -7.47271851055624e-02
 1.83388319639776e-02 -7.09153024545215e-02
 1.63378919431449e-02 -6.71980814781654e-02
 1.45107484509606e-02 -6.35858379118674e-02
 1.28448505850102e-02 -6.00793920137934e-02
 1.13293941690482e-02 -5.66788923195909e-02
 9.95152559673614e-03 -5.33870710226812e-02
 8.69846240807899e-03 -5.02046308734473e-02
 7.57926376009607e-03 -4.71235467042676e-02
 6.59729273837106e-03 -4.41370260432116e-02
 5.72791184653531e-03 -4.12528786961565e-02
 4.96487467183360e-03 -3.84680193357501e-02
 4.30050402614947e-03 -3.57796729305821e-02
 3.74387863460403e-03 -3.31877361515445e-02
 3.27582994635816e-03 -3.06897068017065e-02
 2.86965692191848e-03 -2.82905488818507e-02
 2.51232891728220e-03 -2.59877609196876e-02
 2.18615651015294e-03 -2.37810797401728e-02
 1.87934807230979e-03 -2.16691569274171e-02
 1.59801273421376e-03 -1.96459683919812e-02
 1.34921338671145e-03 -1.77069205736974e-02
 1.12641299529080e-03 -1.58510032622823e-02
 9.33276926970015e-04 -1.40740369738409e-02
 7.69183503993151e-04 -1.23722174775656e-02
 6.31157620442863e-04 -1.07428598245731e-02
 5.22096357206619e-04 -9.18343877839646e-03
 4.32330789052073e-04 -7.69000250525033e-03
 3.50694300405056e-04 -6.26064370595635e-03
 2.74188466437459e-04 -4.89347306525461e-03
 2.03686670644984e-04 -3.58564389705906e-03
 1.37502650566574e-04 -2.33465210203820e-03
 7.09330478940253e-05 -1.13916135475528e-03
 0.00000000000000e+00  0.00000000000000e+00
 7.06153451397811e-05  1.13900436387501e-03
 1.47707863615611e-04  2.32907995711516e-03
 2.29347192051519e-04  3.57255258422998e-03
 3.18211815149019e-04  4.87157624299100e-03
 4.12360418607735e-04  6.22882498722985e-03
 5.13874280459826e-04  7.64644271914946e-03
 6.29055895675983e-04  9.12638054300250e-03
 7.61458227881262e-04  1.06714743727880e-02
 9.14112888677474e-04  1.22837311208262e-02
 1.09526167304045e-03  1.39650833805815e-02
 1.30869379814030e-03  1.57187568460866e-02
 1.54486508693690e-03  1.75477698554990e-02
 1.81230842441754e-03  1.94548016033283e-02
 2.09537623405408e-03  2.14458973103509e-02
 2.37745615918598e-03  2.35363675701323e-02
 2.66579091856062e-03  2.57257699476905e-02
 2.97664246250636e-03  2.80083861309608e-02
 3.32146047906063e-03  3.03880225088775e-02
 3.70811057788876e-03  3.28674344744370e-02
 4.17042558560593e-03  3.54427910430673e-02
 4.73091263888346e-03  3.81174900291219e-02
 5.37242727337627e-03  4.08928928027553e-02
 6.11419696179661e-03  4.37711651968650e-02
 6.97592477321869e-03  4.67462023058478e-02
 7.97878622306407e-03  4.98183458784964e-02
 9.12676389333606e-03  5.29854099519062e-02
 1.03804941311919e-02  5.62674527629921e-02
 1.17550318338540e-02  5.96628173223254e-02
 1.32766953342820e-02  6.31663359769421e-02
 1.49370951449171e-02  6.67850396093258e-02
 1.67510295127358e-02  7.05169264136655e-02
 1.87355852539326e-02  7.43576346159242e-02
 2.09113016122215e-02  7.82998100416122e-02
 2.32964561068539e-02  8.23371622834693e-02
 2.59009112597388e-02  8.64673858155489e-02
 2.87366398943055e-02  9.06855816134507e-02
 3.18137206810070e-02  9.49866569409122e-02
 3.51579057039633e-02  9.93586211126258e-02
 3.87839034570074e-02  1.03792762342978e-01
 4.26997545570873e-02  1.08284162937138e-01
 4.69269195661215e-02  1.12815147611392e-01
 5.14808229132233e-02  1.17371431235511e-01
 5.63728853200365e-02  1.21942568972392e-01
 6.16255206339285e-02  1.26507318060105e-01
 6.72565697439510e-02  1.31041574521342e-01
 7.32720977898460e-02  1.35533189015650e-01
 7.96843341003328e-02  1.39966040692722e-01
 8.65003438268501e-02  1.44328595822705e-01
 9.37406680608421e-02  1.48583922235951e-01
 1.01413959585584e-01  1.52711046387049e-01
 1.09524982806639e-01  1.56696106693933e-01
 1.18073950478638e-01  1.60529993920257e-01
 1.27067822821842e-01  1.64189048706361e-01
 1.36513968644055e-01  1.67651861924645e-01
 1.46415080748681e-01  1.70891358782948e-01
 1.56776721362734e-01  1.73881804763832e-01
 1.67599410402586e-01  1.76603979713204e-01
 1.78880430899768e-01  1.79046558361787e-01
 1.90619581988885e-01  1.81187889563672e-01
 2.02816281536450e-01  1.83007707288299e-01
 2.15467582139703e-01  1.84494723408660e-01
 2.28569315020438e-01  1.85651358992817e-01
 2.42116760492202e-01  1.86469046563060e-01
 2.56106220422419e-01  1.86936076627475e-01
 2.70534799147300e-01  1.87082213674438e-01
 2.85398037759796e-01  1.86863606842332e-01
 3.00693393498893e-01  1.86284330707725e-01
 3.16415258209259e-01  1.85354916728262e-01
 3.32559811771380e-01  1.84052280478847e-01
 3.49122563568254e-01  1.82388164220780e-01
 3.66100340581080e-01  1.80376381757260e-01
 3.83486058087561e-01  1.78001677080525e-01
 4.01275854326121e-01  1.75271844831258e-01
 4.19464422853490e-01  1.72192486525501e-01
 4.38046959008251e-01  1.68774534597969e-01
 4.57017134884690e-01  1.65025777755711e-01
 4.76370405365520e-01  1.60956659545063e-01
 4.96099184219836e-01  1.56577379305204e-01
 5.16199223614172e-01  1.51908350970710e-01
 5.36660494530486e-01  1.46956385515815e-01
 5.57480151871335e-01  1.41752517965260e-01
 5.78544753167151e-01  1.36302345732188e-01
 5.99889398954190e-01  1.30622076976556e-01
 6.21558198020987e-01  1.24734779100483e-01
 6.43537800371736e-01  1.18639959080205e-01
 6.65821284859176e-01  1.12381302833268e-01
 6.88390754440539e-01  1.05951124765550e-01
 7.11231647044274e-01  9.93651021865822e-02
 7.34328611436029e-01  9.26414545165038e-02
 7.57666429721190e-01  8.57943480131735e-02
 7.81226388332639e-01  7.88334477108571e-02
 8.04991006606043e-01  7.17757899635389e-02
 8.28942316039306e-01  6.46413912087425e-02
 8.53060688876784e-01  5.74387705196851e-02
 8.77329560029112e-01  5.01972164446101e-02
 9.01725082433932e-01  4.29217645001866e-02
 9.26236128892339e-01  3.56543305461052e-02
 9.50824017137994e-01  2.82166152882638e-02
 9.75425464749738e-01  2.06726037068662e-02
 1.00000000000000e+00  1.30074473748609e-02
