# Initial positions of hub and blade nodes for for NREL 5MW from the 5MW_Land_DLL_WTurb case
#
#  [ x, y, z ] coordinates (m)
# Blade 1 -- 19 nodes
                      -4.93457                       0.00000                      91.49858
                      -4.87577                      -0.00345                      92.86401
                      -4.78055                      -0.10501                      95.59576
                      -4.69592                      -0.25142                      98.32797
                      -4.59646                      -0.46120                     101.74358
                      -4.42426                      -0.56987                     105.83997
                      -4.22802                      -0.54851                     109.93530
                      -4.03406                      -0.52457                     114.03074
                      -3.83998                      -0.49625                     118.12617
                      -3.64662                      -0.46545                     122.22164
                      -3.45530                      -0.43584                     126.31719
                      -3.26529                      -0.40591                     130.41280
                      -3.07725                      -0.37569                     134.50850
                      -2.89188                      -0.34522                     138.60431
                      -2.70745                      -0.31464                     142.70016
                      -2.55439                      -0.28909                     146.11344
                      -2.43250                      -0.26074                     148.84402
                      -2.31192                      -0.17737                     151.57466
                      -2.25231                      -0.17737                     152.93996
# Blade 2 -- 19 nodes
                      -5.13049                      -1.29780                      89.25927
                      -5.25044                      -2.47852                      88.58148
                      -5.51974                      -4.79168                      87.14671
                      -5.80296                      -7.08203                      85.67441
                      -6.16531                      -9.93139                      83.81158
                      -6.53677                     -13.42413                      81.69388
                      -6.87451                     -16.98279                      79.68574
                      -7.21433                     -20.54266                      77.68008
                      -7.55370                     -24.10472                      75.67819
                      -7.89359                     -27.66800                      73.67851
                      -8.23560                     -31.23060                      71.67803
                      -8.57890                     -34.79331                      69.67796
                      -8.92413                     -38.35609                      67.67836
                      -9.27200                     -41.91890                      65.67927
                      -9.62079                     -45.48172                      63.68038
                      -9.91208                     -48.45078                      62.01474
                     -10.14505                     -50.82991                      60.68914
                     -10.37518                     -53.23650                      59.41116
                     -10.49406                     -54.41889                      58.73630
# Blade 3 -- 19 nodes
                      -5.13049                       1.29780                      89.25927
                      -5.24992                       2.48196                      88.58743
                      -5.50389                       4.89670                      87.32790
                      -5.76501                       7.33344                      86.10821
                      -6.09569                      10.39259                      84.60736
                      -6.45074                      13.99400                      82.67716
                      -6.79171                      17.53130                      80.63217
                      -7.13514                      21.06723                      78.58521
                      -7.47879                      24.60097                      76.53444
                      -7.82333                      28.13344                      74.48162
                      -8.16981                      31.66643                      72.43005
                      -8.51763                      35.19922                      70.37835
                      -8.86741                      38.73178                      68.32660
                      -9.21988                      42.26412                      66.27493
                      -9.57329                      45.79636                      64.22327
                      -9.86844                      48.73987                      62.51356
                     -10.10569                      51.09066                      61.13905
                     -10.34841                      53.41388                      59.71721
                     -10.46729                      54.59626                      59.04235
