HyperCLaw-V1.1
3
velocityx
velocityy
velocityz
3
104.89999999999972
0
0 -640 0 
3200 640 960 

((0,0,0) (319,127,95) (0,0,0)) 
150 
10 10 10 
0
0
0 20 104.89999999999972
150
830 1100
-170 0
0 240
1100 1370
-170 0
0 240
1370 1640
-170 0
0 240
1640 1900
-170 0
0 240
1900 2160
-170 0
0 240
830 1100
0 160
0 240
1100 1370
0 160
0 240
1370 1640
0 160
0 240
1640 1900
0 160
0 240
1900 2160
0 160
0 240
830 1100
-170 0
240 400
1100 1370
-170 0
240 400
1370 1640
-170 0
240 400
1640 1900
-170 0
240 400
1900 2160
-170 0
240 400
830 1100
0 160
240 400
1100 1370
0 160
240 400
1370 1640
0 160
240 400
1640 1900
0 160
240 400
1900 2160
0 160
240 400
Level_0/Cell
