
 Case: 5MW_Land_BD_Linear_Aero:BD3.lin: :
            Freq (Hz)        Damp (%)
           0.740437513      0.004419318
           1.106457059      0.004609524
           2.084817147      0.013146556
           3.688229529      0.015878695
           5.036318041      0.031072710
           5.823392784      0.038250962
           8.460216703      0.034740149
          10.040814828      0.067471683
          11.784712495      0.060221608
          14.919879981      0.046912997

 Case: 5MW_Land_BD_Linear_Aero:BD2.lin: :
            Freq (Hz)        Damp (%)
           0.749287487      0.004373385
           1.110855164      0.004581589
           2.093519028      0.013092963
           3.676969872      0.015836573
           5.057892966      0.031040337
           5.859151100      0.038165581
           8.463645062      0.034937923
          10.068567531      0.067329678
          11.823804542      0.060222384
          14.925250961      0.046900851

 Case: 5MW_Land_BD_Linear_Aero:BD1.lin: :
            Freq (Hz)        Damp (%)
           0.742005727      0.004421891
           1.108353275      0.004603861
           2.086731297      0.013154396
           3.706309453      0.015865708
           5.018415525      0.031066669
           5.800415841      0.038340508
           8.457934180      0.034450355
          10.029350417      0.067589271
          11.759746975      0.060183039
          14.917081815      0.046916945

 Case: 5MW_Land_BD_Linear_Aero:1.lin: :
            Freq (Hz)        Damp (%)
           0.322081508      0.004770527
           0.340805073      0.084279463
           0.714689143      0.842597429
           0.745650766      0.802983803
           0.764497433      0.799875531
           1.097336995      0.008443958
           1.112286833      0.010633538
           1.682792255      0.021907444
           1.991066382      0.194439757
           1.996638731      0.206892572

 Case: 5MW_Land_BD_Linear_Aero:ED.lin: :
            Freq (Hz)        Damp (%)
           0.349303580      0.003894585
           0.354261659      0.003869968
           2.882103527      0.009418704
           2.964989911      0.009701620
          13.950791845      0.313903771
