1
1
3
0
(20 0
((83,47,0) (109,63,23) (0,0,0))
((110,47,0) (136,63,23) (0,0,0))
((137,47,0) (163,63,23) (0,0,0))
((164,47,0) (189,63,23) (0,0,0))
((190,47,0) (215,63,23) (0,0,0))
((83,64,0) (109,79,23) (0,0,0))
((110,64,0) (136,79,23) (0,0,0))
((137,64,0) (163,79,23) (0,0,0))
((164,64,0) (189,79,23) (0,0,0))
((190,64,0) (215,79,23) (0,0,0))
((83,47,24) (109,63,39) (0,0,0))
((110,47,24) (136,63,39) (0,0,0))
((137,47,24) (163,63,39) (0,0,0))
((164,47,24) (189,63,39) (0,0,0))
((190,47,24) (215,63,39) (0,0,0))
((83,64,24) (109,79,39) (0,0,0))
((110,64,24) (136,79,39) (0,0,0))
((137,64,24) (163,79,39) (0,0,0))
((164,64,24) (189,79,39) (0,0,0))
((190,64,24) (215,79,39) (0,0,0))
)
20
FabOnDisk: Cell_D_00085 0
FabOnDisk: Cell_D_00092 0
FabOnDisk: Cell_D_00100 0
FabOnDisk: Cell_D_00104 0
FabOnDisk: Cell_D_00109 0
FabOnDisk: Cell_D_00108 0
FabOnDisk: Cell_D_00081 0
FabOnDisk: Cell_D_00093 0
FabOnDisk: Cell_D_00097 0
FabOnDisk: Cell_D_00086 0
FabOnDisk: Cell_D_00090 0
FabOnDisk: Cell_D_00098 0
FabOnDisk: Cell_D_00088 0
FabOnDisk: Cell_D_00089 0
FabOnDisk: Cell_D_00101 0
FabOnDisk: Cell_D_00105 0
FabOnDisk: Cell_D_00082 0
FabOnDisk: Cell_D_00094 0
FabOnDisk: Cell_D_00106 0
FabOnDisk: Cell_D_00084 0

20,3
4.72915570930718232e+00,-2.72468459470521340e-01,-2.03374880361017231e-02,
4.72915571036134885e+00,-2.72468459478216407e-01,-2.03374880724090067e-02,
4.72915570982854838e+00,-2.72468459432100463e-01,-2.03374880236580624e-02,
4.72926549765561610e+00,-2.70753445638237611e-01,-2.03374878760371816e-02,
4.72915571061171391e+00,-2.72468459420651898e-01,-1.98610237768802253e-02,
4.72914951469384892e+00,-2.72587453782716760e-01,-2.04246424118617806e-02,
4.72914951577922604e+00,-2.72587453767423105e-01,-2.04246425032543130e-02,
4.72914951469099343e+00,-2.72587453748173836e-01,-2.04246425760375126e-02,
4.72926320754724827e+00,-2.70329126527014629e-01,-2.04246425675265880e-02,
4.72914951530368732e+00,-2.72587453776213295e-01,-1.97868193722095069e-02,
7.79215074758813753e+00,-2.58803137317821452e-01,-1.24355997255858972e-02,
7.79158731006808658e+00,-2.58803137322699661e-01,-1.17978549951692092e-02,
7.79158731020518402e+00,-2.58803137281044759e-01,-1.24355998403752836e-02,
7.79158731056444953e+00,-2.56342325892613021e-01,-1.24355997643617756e-02,
7.79158731037610686e+00,-2.58803137272919925e-01,-1.24355997612761119e-02,
7.79133881103167436e+00,-2.58705121156419582e-01,-1.23898414244156662e-02,
7.79133881109944770e+00,-2.58705121149248818e-01,-1.18182270455203693e-02,
7.79133881152149232e+00,-2.58705121122015491e-01,-1.23898416441696434e-02,
7.79227061715594882e+00,-2.56473966889649130e-01,-1.23898416958568517e-02,
7.79133881142301910e+00,-2.58705121166263985e-01,-1.23898418364210162e-02,

20,3
8.21716156697326383e+00,2.72467735317686033e-01,1.87594490973688674e-02,
8.21716156711267587e+00,2.72467735304013969e-01,1.78014184658095501e-02,
8.21716156732061265e+00,2.72467735275023104e-01,1.87594490990743851e-02,
8.21694620082945271e+00,2.72467735272076239e-01,1.87594489891444414e-02,
8.21716156745288018e+00,2.72467735292357849e-01,1.87594490060598758e-02,
8.21666952210340185e+00,2.72398267405317251e-01,1.88780045346588869e-02,
8.21760012166916276e+00,2.72398267431827545e-01,1.77182166718638824e-02,
8.21760012178486399e+00,2.72398267404552141e-01,1.88780046405740282e-02,
8.21760012207458779e+00,2.72398267384741322e-01,1.88780046606607625e-02,
8.21760012210592095e+00,2.72398267406228023e-01,1.88780048031371925e-02,
8.20714651702716580e+00,2.58547812648601272e-01,1.38995670718245288e-02,
8.20714651716141930e+00,2.58547812638262431e-01,1.38995669165318143e-02,
8.20714651735853984e+00,2.58547812603679206e-01,1.38995667602904022e-02,
8.20570309106383711e+00,2.58547812600874172e-01,1.38995666956000224e-02,
8.20714651744098056e+00,2.58547812611508332e-01,1.33288178807418542e-02,
8.20573515095618689e+00,2.58663703393366196e-01,1.38652518385107525e-02,
8.20725597029684550e+00,2.58663703418178681e-01,1.38652517174819266e-02,
8.20725597036882704e+00,2.58663703389385158e-01,1.38652517200543550e-02,
8.20725597067608525e+00,2.58663703352209451e-01,1.38652517603023231e-02,
8.20725597063927559e+00,2.58663703378144150e-01,1.33872096234285247e-02,

