1
1
3
0
(8 0
((183,111,0) (199,127,23) (0,0,0))
((200,111,0) (215,127,23) (0,0,0))
((183,128,0) (199,143,23) (0,0,0))
((200,128,0) (215,143,23) (0,0,0))
((183,111,24) (199,127,46) (0,0,0))
((200,111,24) (215,127,46) (0,0,0))
((183,128,24) (199,143,46) (0,0,0))
((200,128,24) (215,143,46) (0,0,0))
)
8
FabOnDisk: Cell_D_00085 0
FabOnDisk: Cell_D_00100 0
FabOnDisk: Cell_D_00104 0
FabOnDisk: Cell_D_00081 0
FabOnDisk: Cell_D_00092 0
FabOnDisk: Cell_D_00109 0
FabOnDisk: Cell_D_00108 0
FabOnDisk: Cell_D_00093 0

8,3
3.82384606655301251e+00,-2.16692848946978184e-01,-1.97501079704362516e-02,
3.82417322364429824e+00,-2.15561374797571176e-01,-2.00245180274220558e-02,
3.82378246342054462e+00,-2.17696886151118513e-01,-1.88313268416703816e-02,
3.82384946879062504e+00,-2.16556919639301210e-01,-1.97207302680588691e-02,
7.78675689729768372e+00,-2.74719890137875178e-01,-1.75303777889901542e-02,
7.79250516202016463e+00,-2.73644795294132326e-01,-1.77736470247678510e-02,
7.78038934148668559e+00,-2.74252832063935970e-01,-1.70580796929577817e-02,
7.78356570752134136e+00,-2.73755128398947445e-01,-1.77866607063423832e-02,

8,3
8.17250433731996040e+00,3.37450270136441730e-02,1.72180588466810426e-02,
8.17199020824990541e+00,1.12403226585462881e-01,1.89114825595032184e-02,
8.18150135776673615e+00,3.37036338037058833e-02,1.70589115078369907e-02,
8.17819526957988430e+00,1.11953973788076339e-01,1.90543580166254202e-02,
8.21966910074829293e+00,7.17613098987301794e-03,1.46505677911353445e-02,
8.21328517247420642e+00,1.49903464408393278e-01,1.62407807101075038e-02,
8.21089028867147874e+00,7.41450439850928258e-03,1.49212922209250708e-02,
8.21021877006069012e+00,1.50564674187494557e-01,1.63629806004153520e-02,

