 ------- BEAMDYN V1.00.* INDIVIDUAL BLADE INPUT FILE --------------------------
 Test Format 1
------ Blade Parameters --------------------------------------------------------
49   station_total    - Number of blade input stations (-)
 2   damp_type        - Damping type: 0: no damping; 1: damped
------ Stiffness-Proportional Damping [used only if damp_type=1] ---------------
   mu1        mu2        mu3        mu4        mu5        mu6
   (-)        (-)        (-)        (-)        (-)        (-)
 0.004048    0.003153    0.000140    0.003153    0.004048    0.000140  
------ Modal Damping [used only if damp_type=2] --------------------------------
18                       n_modes    - Number of modal damping coefficients (-)
0.00546301, 0.00622807, 0.01325476, 0.01474821, 0.02681872, 0.02937339, 0.03561764, 0.01563858, 0.05666182, 0.05833397, 0.01412172, 0.08725085, 0.08465326, 0.01619627, 0.12056536, 0.12658622, 0.02236014, 0.14217429    zeta       - Damping coefficients for mode 1 through n_modes
------ Distributed Properties --------------------------------------------------
	 0.000000
	 7.6807863714359274e+09 	 -1.8137836724926078e+01 	 0.0000000000000000e+00 	 0.0000000000000000e+00 	 0.0000000000000000e+00 	 -2.6193441603392739e+03
	 -1.8136031286508288e+01 	 7.6807889672753878e+09 	 0.0000000000000000e+00 	 0.0000000000000000e+00 	 0.0000000000000000e+00 	 -2.6620898656143709e+01
	 0.0000000000000000e+00 	 0.0000000000000000e+00 	 5.2499296419446167e+10 	 1.7652091780287919e+04 	 1.4889195481041997e+02 	 0.0000000000000000e+00
	 0.0000000000000000e+00 	 0.0000000000000000e+00 	 1.7652086985560472e+04 	 2.1290848926016818e+11 	 4.9024285527339703e+02 	 0.0000000000000000e+00
	 0.0000000000000000e+00 	 0.0000000000000000e+00 	 1.4889014144258525e+02 	 4.9024185701310518e+02 	 2.1290841472884799e+11 	 0.0000000000000000e+00
	 -2.6193441586794329e+03 	 -2.6620900448771490e+01 	 0.0000000000000000e+00 	 0.0000000000000000e+00 	 0.0000000000000000e+00 	 1.2451447215835272e+11

	 3.6191563200915089e+03 	 0.0000000000000000e+00 	 0.0000000000000000e+00 	 0.0000000000000000e+00 	 0.0000000000000000e+00 	 -1.2142967304128727e-03
	 0.0000000000000000e+00 	 3.6191563200915089e+03 	 0.0000000000000000e+00 	 0.0000000000000000e+00 	 0.0000000000000000e+00 	 -9.9052410920673654e-06
	 0.0000000000000000e+00 	 0.0000000000000000e+00 	 3.6191563200915089e+03 	 1.2142967304128727e-03 	 9.9052410920673654e-06 	 0.0000000000000000e+00
	 0.0000000000000000e+00 	 0.0000000000000000e+00 	 1.2142967304128727e-03 	 1.4678610793202848e+04 	 3.3102702300929782e-05 	 0.0000000000000000e+00
	 0.0000000000000000e+00 	 0.0000000000000000e+00 	 9.9052410920673654e-06 	 3.3102702300929782e-05 	 1.4678605657601485e+04 	 0.0000000000000000e+00
	 -1.2142967304128727e-03 	 -9.9052410920673654e-06 	 0.0000000000000000e+00 	 0.0000000000000000e+00 	 0.0000000000000000e+00 	 2.9357216450804335e+04

	 0.020408
	 7.5508050374740448e+09 	 9.3769843212231039e+05 	 0.0000000000000000e+00 	 0.0000000000000000e+00 	 0.0000000000000000e+00 	 2.7276472376506293e+08
	 9.3769842939290754e+05 	 7.6691671521499805e+09 	 0.0000000000000000e+00 	 0.0000000000000000e+00 	 0.0000000000000000e+00 	 2.7884147975307247e+06
	 0.0000000000000000e+00 	 0.0000000000000000e+00 	 5.2276731797529488e+10 	 -4.4112259932635385e+08 	 -1.5835580622170934e+07 	 0.0000000000000000e+00
	 0.0000000000000000e+00 	 0.0000000000000000e+00 	 -4.4112259933232248e+08 	 2.1111980636457330e+11 	 -3.4549481259875439e+07 	 0.0000000000000000e+00
	 0.0000000000000000e+00 	 0.0000000000000000e+00 	 -1.5835580625240806e+07 	 -3.4549481269860364e+07 	 2.1167285890008051e+11 	 0.0000000000000000e+00
	 2.7276472376536947e+08 	 2.7884147973229964e+06 	 0.0000000000000000e+00 	 0.0000000000000000e+00 	 0.0000000000000000e+00 	 1.2302031086868736e+11

	 3.6034290771116516e+03 	 0.0000000000000000e+00 	 0.0000000000000000e+00 	 0.0000000000000000e+00 	 0.0000000000000000e+00 	 3.0567264406076763e+01
	 0.0000000000000000e+00 	 3.6034290771116516e+03 	 0.0000000000000000e+00 	 0.0000000000000000e+00 	 0.0000000000000000e+00 	 1.0071848121787181e+00
	 0.0000000000000000e+00 	 0.0000000000000000e+00 	 3.6034290771116516e+03 	 -3.0567264406076763e+01 	 -1.0071848121787181e+00 	 0.0000000000000000e+00
	 0.0000000000000000e+00 	 0.0000000000000000e+00 	 -3.0567264406076763e+01 	 1.4553123215963678e+04 	 -2.4144333237017275e+00 	 0.0000000000000000e+00
	 0.0000000000000000e+00 	 0.0000000000000000e+00 	 -1.0071848121787181e+00 	 -2.4144333237017275e+00 	 1.4592437974849086e+04 	 0.0000000000000000e+00
	 3.0567264406076763e+01 	 1.0071848121787181e+00 	 0.0000000000000000e+00 	 0.0000000000000000e+00 	 0.0000000000000000e+00 	 2.9145561190812805e+04

	 0.040816
	 3.6447191029047213e+09 	 5.2996863682627827e+07 	 0.0000000000000000e+00 	 0.0000000000000000e+00 	 0.0000000000000000e+00 	 7.0845989087727880e+08
	 5.2996863682542786e+07 	 4.3342838272886372e+09 	 0.0000000000000000e+00 	 0.0000000000000000e+00 	 0.0000000000000000e+00 	 1.8552097409041515e+08
	 0.0000000000000000e+00 	 0.0000000000000000e+00 	 2.8392142920029530e+10 	 -6.6783100612674512e+07 	 -6.9605513071174872e+08 	 0.0000000000000000e+00
	 0.0000000000000000e+00 	 0.0000000000000000e+00 	 -6.6783100611622073e+07 	 1.2506852478499315e+11 	 -1.5673300943715632e+09 	 0.0000000000000000e+00
	 0.0000000000000000e+00 	 0.0000000000000000e+00 	 -6.9605513071180034e+08 	 -1.5673300943738928e+09 	 1.0311151507055855e+11 	 0.0000000000000000e+00
	 7.0845989087779033e+08 	 1.8552097409054154e+08 	 0.0000000000000000e+00 	 0.0000000000000000e+00 	 0.0000000000000000e+00 	 6.2723878614793472e+10

	 1.9491820489216475e+03 	 0.0000000000000000e+00 	 0.0000000000000000e+00 	 0.0000000000000000e+00 	 0.0000000000000000e+00 	 3.8599219938121131e+01
	 0.0000000000000000e+00 	 1.9491820489216475e+03 	 0.0000000000000000e+00 	 0.0000000000000000e+00 	 0.0000000000000000e+00 	 4.8031170597938456e+01
	 0.0000000000000000e+00 	 0.0000000000000000e+00 	 1.9491820489216475e+03 	 -3.8599219938121131e+01 	 -4.8031170597938456e+01 	 0.0000000000000000e+00
	 0.0000000000000000e+00 	 0.0000000000000000e+00 	 -3.8599219938121131e+01 	 8.5253661474211222e+03 	 -1.0816597821534904e+02 	 0.0000000000000000e+00
	 0.0000000000000000e+00 	 0.0000000000000000e+00 	 -4.8031170597938456e+01 	 -1.0816597821534904e+02 	 7.1219773986127893e+03 	 0.0000000000000000e+00
	 3.8599219938121131e+01 	 4.8031170597938456e+01 	 0.0000000000000000e+00 	 0.0000000000000000e+00 	 0.0000000000000000e+00 	 1.5647343546033882e+04

	 0.061224
	 2.1723661786559806e+09 	 1.6301859822864485e+08 	 0.0000000000000000e+00 	 0.0000000000000000e+00 	 0.0000000000000000e+00 	 2.4271182879937184e+08
	 1.6301859822908181e+08 	 2.5060494894729633e+09 	 0.0000000000000000e+00 	 0.0000000000000000e+00 	 0.0000000000000000e+00 	 4.9548140258122307e+08
	 0.0000000000000000e+00 	 0.0000000000000000e+00 	 2.9627150923626904e+10 	 3.2339326548144565e+09 	 -3.2147834456525817e+09 	 0.0000000000000000e+00
	 0.0000000000000000e+00 	 0.0000000000000000e+00 	 3.2339326548146849e+09 	 9.9246521358659760e+10 	 -1.7700735415028198e+10 	 0.0000000000000000e+00
	 0.0000000000000000e+00 	 0.0000000000000000e+00 	 -3.2147834456577706e+09 	 -1.7700735415035973e+10 	 1.2900442301798802e+11 	 0.0000000000000000e+00
	 2.4271182879793891e+08 	 4.9548140258053690e+08 	 0.0000000000000000e+00 	 0.0000000000000000e+00 	 0.0000000000000000e+00 	 3.1467000508550014e+10

	 1.4458985389153756e+03 	 0.0000000000000000e+00 	 0.0000000000000000e+00 	 0.0000000000000000e+00 	 0.0000000000000000e+00 	 -3.6675599761536836e+02
	 0.0000000000000000e+00 	 1.4458985389153756e+03 	 0.0000000000000000e+00 	 0.0000000000000000e+00 	 0.0000000000000000e+00 	 8.2679430496300910e+01
	 0.0000000000000000e+00 	 0.0000000000000000e+00 	 1.4458985389153756e+03 	 3.6675599761536836e+02 	 -8.2679430496300910e+01 	 0.0000000000000000e+00
	 0.0000000000000000e+00 	 0.0000000000000000e+00 	 3.6675599761536836e+02 	 6.3640446435703780e+03 	 -3.6084218260607059e+02 	 0.0000000000000000e+00
	 0.0000000000000000e+00 	 0.0000000000000000e+00 	 -8.2679430496300910e+01 	 -3.6084218260607059e+02 	 4.6129547347078105e+03 	 0.0000000000000000e+00
	 -3.6675599761536836e+02 	 8.2679430496300910e+01 	 0.0000000000000000e+00 	 0.0000000000000000e+00 	 0.0000000000000000e+00 	 1.0976999378278191e+04

	 0.081633
	 1.4248568707808220e+09 	 1.4711936469350517e+08 	 0.0000000000000000e+00 	 0.0000000000000000e+00 	 0.0000000000000000e+00 	 4.0375158803989209e+07
	 1.4711936469304258e+08 	 1.6372055954861116e+09 	 0.0000000000000000e+00 	 0.0000000000000000e+00 	 0.0000000000000000e+00 	 4.0883610297570431e+08
	 0.0000000000000000e+00 	 0.0000000000000000e+00 	 2.8575187559286163e+10 	 7.8457891794289207e+09 	 -2.5331153479403992e+09 	 0.0000000000000000e+00
	 0.0000000000000000e+00 	 0.0000000000000000e+00 	 7.8457891794329176e+09 	 9.9811228189230728e+10 	 -1.7156516937404192e+10 	 0.0000000000000000e+00
	 0.0000000000000000e+00 	 0.0000000000000000e+00 	 -2.5331153479400129e+09 	 -1.7156516937408880e+10 	 1.0726086869152536e+11 	 0.0000000000000000e+00
	 4.0375158805318125e+07 	 4.0883610297520870e+08 	 0.0000000000000000e+00 	 0.0000000000000000e+00 	 0.0000000000000000e+00 	 1.8182703236464645e+10

	 1.2104228731098399e+03 	 0.0000000000000000e+00 	 0.0000000000000000e+00 	 0.0000000000000000e+00 	 0.0000000000000000e+00 	 -6.3862189484581279e+02
	 0.0000000000000000e+00 	 1.2104228731098399e+03 	 0.0000000000000000e+00 	 0.0000000000000000e+00 	 0.0000000000000000e+00 	 6.8102213481445631e+01
	 0.0000000000000000e+00 	 0.0000000000000000e+00 	 1.2104228731098399e+03 	 6.3862189484581279e+02 	 -6.8102213481445631e+01 	 0.0000000000000000e+00
	 0.0000000000000000e+00 	 0.0000000000000000e+00 	 6.3862189484581279e+02 	 5.9684140280084448e+03 	 -3.1468959383117567e+02 	 0.0000000000000000e+00
	 0.0000000000000000e+00 	 0.0000000000000000e+00 	 -6.8102213481445631e+01 	 -3.1468959383117567e+02 	 3.1427559826864194e+03 	 0.0000000000000000e+00
	 -6.3862189484581279e+02 	 6.8102213481445631e+01 	 0.0000000000000000e+00 	 0.0000000000000000e+00 	 0.0000000000000000e+00 	 9.1111700106948756e+03

	 0.102041
	 9.4949822965844214e+08 	 1.2990732438705662e+08 	 0.0000000000000000e+00 	 0.0000000000000000e+00 	 0.0000000000000000e+00 	 -4.6851554872535072e+07
	 1.2990732438813785e+08 	 1.0655047458130113e+09 	 0.0000000000000000e+00 	 0.0000000000000000e+00 	 0.0000000000000000e+00 	 1.7527843442382711e+08
	 0.0000000000000000e+00 	 0.0000000000000000e+00 	 2.7534371413616848e+10 	 9.2954903149604416e+09 	 -2.4626859743155904e+09 	 0.0000000000000000e+00
	 0.0000000000000000e+00 	 0.0000000000000000e+00 	 9.2954903149606743e+09 	 9.7171270419927795e+10 	 -1.4590659974588867e+10 	 0.0000000000000000e+00
	 0.0000000000000000e+00 	 0.0000000000000000e+00 	 -2.4626859743150430e+09 	 -1.4590659974588179e+10 	 8.3181569871688599e+10 	 0.0000000000000000e+00
	 -4.6851554871403411e+07 	 1.7527843442231199e+08 	 0.0000000000000000e+00 	 0.0000000000000000e+00 	 0.0000000000000000e+00 	 1.0376325613044472e+10

	 1.0117721764607434e+03 	 0.0000000000000000e+00 	 0.0000000000000000e+00 	 0.0000000000000000e+00 	 0.0000000000000000e+00 	 -7.5348040138786314e+02
	 0.0000000000000000e+00 	 1.0117721764607434e+03 	 0.0000000000000000e+00 	 0.0000000000000000e+00 	 0.0000000000000000e+00 	 5.3106813900528209e+01
	 0.0000000000000000e+00 	 0.0000000000000000e+00 	 1.0117721764607434e+03 	 7.5348040138786314e+02 	 -5.3106813900528209e+01 	 0.0000000000000000e+00
	 0.0000000000000000e+00 	 0.0000000000000000e+00 	 7.5348040138786314e+02 	 5.4398612575469824e+03 	 -2.5432391133811390e+02 	 0.0000000000000000e+00
	 0.0000000000000000e+00 	 0.0000000000000000e+00 	 -5.3106813900528209e+01 	 -2.5432391133811390e+02 	 2.0588677406359502e+03 	 0.0000000000000000e+00
	 -7.5348040138786314e+02 	 5.3106813900528209e+01 	 0.0000000000000000e+00 	 0.0000000000000000e+00 	 0.0000000000000000e+00 	 7.4987289981829208e+03

	 0.122449
	 6.9026776197531271e+08 	 1.0751867454977435e+08 	 0.0000000000000000e+00 	 0.0000000000000000e+00 	 0.0000000000000000e+00 	 -3.7832379971163124e+06
	 1.0751867454968743e+08 	 7.6866016046019018e+08 	 0.0000000000000000e+00 	 0.0000000000000000e+00 	 0.0000000000000000e+00 	 9.2709144561149612e+07
	 0.0000000000000000e+00 	 0.0000000000000000e+00 	 2.6728157160993107e+10 	 7.4400409142843704e+09 	 -2.1171991837595081e+09 	 0.0000000000000000e+00
	 0.0000000000000000e+00 	 0.0000000000000000e+00 	 7.4400409142840357e+09 	 8.8261669329700119e+10 	 -1.1705267829925581e+10 	 0.0000000000000000e+00
	 0.0000000000000000e+00 	 0.0000000000000000e+00 	 -2.1171991837613342e+09 	 -1.1705267829922241e+10 	 6.5517318466790016e+10 	 0.0000000000000000e+00
	 -3.7832379983084197e+06 	 9.2709144561892524e+07 	 0.0000000000000000e+00 	 0.0000000000000000e+00 	 0.0000000000000000e+00 	 6.3247668614601803e+09

	 8.7925999130052560e+02 	 0.0000000000000000e+00 	 0.0000000000000000e+00 	 0.0000000000000000e+00 	 0.0000000000000000e+00 	 -7.1234280506387427e+02
	 0.0000000000000000e+00 	 8.7925999130052560e+02 	 0.0000000000000000e+00 	 0.0000000000000000e+00 	 0.0000000000000000e+00 	 3.9045364026979357e+01
	 0.0000000000000000e+00 	 0.0000000000000000e+00 	 8.7925999130052560e+02 	 7.1234280506387427e+02 	 -3.9045364026979357e+01 	 0.0000000000000000e+00
	 0.0000000000000000e+00 	 0.0000000000000000e+00 	 7.1234280506387427e+02 	 4.8515594688697720e+03 	 -1.9524735226573839e+02 	 0.0000000000000000e+00
	 0.0000000000000000e+00 	 0.0000000000000000e+00 	 -3.9045364026979357e+01 	 -1.9524735226573839e+02 	 1.4521640277339407e+03 	 0.0000000000000000e+00
	 -7.1234280506387427e+02 	 3.9045364026979357e+01 	 0.0000000000000000e+00 	 0.0000000000000000e+00 	 0.0000000000000000e+00 	 6.3037234966037367e+03

	 0.142857
	 5.5077225018354273e+08 	 9.0665716421689034e+07 	 0.0000000000000000e+00 	 0.0000000000000000e+00 	 0.0000000000000000e+00 	 3.4947216749633759e+07
	 9.0665716422724515e+07 	 7.4610209248599207e+08 	 0.0000000000000000e+00 	 0.0000000000000000e+00 	 0.0000000000000000e+00 	 9.1326439513412356e+07
	 0.0000000000000000e+00 	 0.0000000000000000e+00 	 2.6426701304198734e+10 	 6.7353972453696089e+09 	 -1.9490117413364685e+09 	 0.0000000000000000e+00
	 0.0000000000000000e+00 	 0.0000000000000000e+00 	 6.7353972453748150e+09 	 8.2350586220128098e+10 	 -8.9995789914720478e+09 	 0.0000000000000000e+00
	 0.0000000000000000e+00 	 0.0000000000000000e+00 	 -1.9490117413338122e+09 	 -8.9995789914681587e+09 	 4.7874408787762779e+10 	 0.0000000000000000e+00
	 3.4947216749783240e+07 	 9.1326439513577208e+07 	 0.0000000000000000e+00 	 0.0000000000000000e+00 	 0.0000000000000000e+00 	 4.4587761095543137e+09

	 8.2163271702142038e+02 	 0.0000000000000000e+00 	 0.0000000000000000e+00 	 0.0000000000000000e+00 	 0.0000000000000000e+00 	 -6.8580708785517493e+02
	 0.0000000000000000e+00 	 8.2163271702142038e+02 	 0.0000000000000000e+00 	 0.0000000000000000e+00 	 0.0000000000000000e+00 	 4.2630645450177141e+01
	 0.0000000000000000e+00 	 0.0000000000000000e+00 	 8.2163271702142038e+02 	 6.8580708785517493e+02 	 -4.2630645450177141e+01 	 0.0000000000000000e+00
	 0.0000000000000000e+00 	 0.0000000000000000e+00 	 6.8580708785517493e+02 	 4.5523309179708267e+03 	 -1.5700265936869425e+02 	 0.0000000000000000e+00
	 0.0000000000000000e+00 	 0.0000000000000000e+00 	 -4.2630645450177141e+01 	 -1.5700265936869425e+02 	 1.0093703659656327e+03 	 0.0000000000000000e+00
	 -6.8580708785517493e+02 	 4.2630645450177141e+01 	 0.0000000000000000e+00 	 0.0000000000000000e+00 	 0.0000000000000000e+00 	 5.5617012839364706e+03

	 0.163265
	 4.9980075572602546e+08 	 7.7562370368608043e+07 	 0.0000000000000000e+00 	 0.0000000000000000e+00 	 0.0000000000000000e+00 	 1.0455744493853447e+08
	 7.7562370368243426e+07 	 7.5012458974709404e+08 	 0.0000000000000000e+00 	 0.0000000000000000e+00 	 0.0000000000000000e+00 	 1.0710931327714153e+08
	 0.0000000000000000e+00 	 0.0000000000000000e+00 	 2.6587265482304050e+10 	 5.0418007438532534e+09 	 -1.7911148464659207e+09 	 0.0000000000000000e+00
	 0.0000000000000000e+00 	 0.0000000000000000e+00 	 5.0418007438546257e+09 	 7.7915894189288742e+10 	 -7.6883299057753801e+09 	 0.0000000000000000e+00
	 0.0000000000000000e+00 	 0.0000000000000000e+00 	 -1.7911148464660516e+09 	 -7.6883299057745056e+09 	 4.2505280057621628e+10 	 0.0000000000000000e+00
	 1.0455744493784511e+08 	 1.0710931327524684e+08 	 0.0000000000000000e+00 	 0.0000000000000000e+00 	 0.0000000000000000e+00 	 3.5184499423902087e+09

	 7.9740789977587087e+02 	 0.0000000000000000e+00 	 0.0000000000000000e+00 	 0.0000000000000000e+00 	 0.0000000000000000e+00 	 -6.4301683042419972e+02
	 0.0000000000000000e+00 	 7.9740789977587087e+02 	 0.0000000000000000e+00 	 0.0000000000000000e+00 	 0.0000000000000000e+00 	 4.8080688244984998e+01
	 0.0000000000000000e+00 	 0.0000000000000000e+00 	 7.9740789977587087e+02 	 6.4301683042419972e+02 	 -4.8080688244984998e+01 	 0.0000000000000000e+00
	 0.0000000000000000e+00 	 0.0000000000000000e+00 	 6.4301683042419972e+02 	 4.3759856269563215e+03 	 -1.5142786878927762e+02 	 0.0000000000000000e+00
	 0.0000000000000000e+00 	 0.0000000000000000e+00 	 -4.8080688244984998e+01 	 -1.5142786878927762e+02 	 8.3744519356134685e+02 	 0.0000000000000000e+00
	 -6.4301683042419972e+02 	 4.8080688244984998e+01 	 0.0000000000000000e+00 	 0.0000000000000000e+00 	 0.0000000000000000e+00 	 5.2134308205176958e+03

	 0.183673
	 4.5593534508008075e+08 	 6.7084287812954381e+07 	 0.0000000000000000e+00 	 0.0000000000000000e+00 	 0.0000000000000000e+00 	 1.2557221629865040e+08
	 6.7084287814182639e+07 	 7.4265993127077281e+08 	 0.0000000000000000e+00 	 0.0000000000000000e+00 	 0.0000000000000000e+00 	 1.0468621322647561e+08
	 0.0000000000000000e+00 	 0.0000000000000000e+00 	 2.6440660620438107e+10 	 3.5144250271708598e+09 	 -1.5663839195303116e+09 	 0.0000000000000000e+00
	 0.0000000000000000e+00 	 0.0000000000000000e+00 	 3.5144250271704068e+09 	 6.9690474729067535e+10 	 -6.4199166400454731e+09 	 0.0000000000000000e+00
	 0.0000000000000000e+00 	 0.0000000000000000e+00 	 -1.5663839195306976e+09 	 -6.4199166400479832e+09 	 3.7268591096987679e+10 	 0.0000000000000000e+00
	 1.2557221629807134e+08 	 1.0468621322666226e+08 	 0.0000000000000000e+00 	 0.0000000000000000e+00 	 0.0000000000000000e+00 	 2.8557140958977137e+09

	 7.6189822013353023e+02 	 0.0000000000000000e+00 	 0.0000000000000000e+00 	 0.0000000000000000e+00 	 0.0000000000000000e+00 	 -5.7578503690483819e+02
	 0.0000000000000000e+00 	 7.6189822013353023e+02 	 0.0000000000000000e+00 	 0.0000000000000000e+00 	 0.0000000000000000e+00 	 4.6399732290541870e+01
	 0.0000000000000000e+00 	 0.0000000000000000e+00 	 7.6189822013353023e+02 	 5.7578503690483819e+02 	 -4.6399732290541870e+01 	 0.0000000000000000e+00
	 0.0000000000000000e+00 	 0.0000000000000000e+00 	 5.7578503690483819e+02 	 3.9524030860333960e+03 	 -1.3849322022501491e+02 	 0.0000000000000000e+00
	 0.0000000000000000e+00 	 0.0000000000000000e+00 	 -4.6399732290541870e+01 	 -1.3849322022501491e+02 	 7.0267349466668315e+02 	 0.0000000000000000e+00
	 -5.7578503690483819e+02 	 4.6399732290541870e+01 	 0.0000000000000000e+00 	 0.0000000000000000e+00 	 0.0000000000000000e+00 	 4.6550765807000571e+03

	 0.204082
	 4.2261245137077850e+08 	 5.6876721969035074e+07 	 0.0000000000000000e+00 	 0.0000000000000000e+00 	 0.0000000000000000e+00 	 1.3203772337933001e+08
	 5.6876721969546758e+07 	 7.2920734868565559e+08 	 0.0000000000000000e+00 	 0.0000000000000000e+00 	 0.0000000000000000e+00 	 9.0642403820608765e+07
	 0.0000000000000000e+00 	 0.0000000000000000e+00 	 2.5895210882268867e+10 	 1.3817001146910603e+09 	 -1.3254233697095249e+09 	 0.0000000000000000e+00
	 0.0000000000000000e+00 	 0.0000000000000000e+00 	 1.3817001146981473e+09 	 5.7050770848738441e+10 	 -5.1142781609931202e+09 	 0.0000000000000000e+00
	 0.0000000000000000e+00 	 0.0000000000000000e+00 	 -1.3254233697075953e+09 	 -5.1142781609934425e+09 	 3.2582422128983620e+10 	 0.0000000000000000e+00
	 1.3203772337943524e+08 	 9.0642403820546359e+07 	 0.0000000000000000e+00 	 0.0000000000000000e+00 	 0.0000000000000000e+00 	 2.3558223180684705e+09

	 7.2070985227895824e+02 	 0.0000000000000000e+00 	 0.0000000000000000e+00 	 0.0000000000000000e+00 	 0.0000000000000000e+00 	 -4.7435539300377525e+02
	 0.0000000000000000e+00 	 7.2070985227895824e+02 	 0.0000000000000000e+00 	 0.0000000000000000e+00 	 0.0000000000000000e+00 	 4.2169864225283099e+01
	 0.0000000000000000e+00 	 0.0000000000000000e+00 	 7.2070985227895824e+02 	 4.7435539300377525e+02 	 -4.2169864225283099e+01 	 0.0000000000000000e+00
	 0.0000000000000000e+00 	 0.0000000000000000e+00 	 4.7435539300377525e+02 	 3.3331515279673804e+03 	 -1.2462872279742719e+02 	 0.0000000000000000e+00
	 0.0000000000000000e+00 	 0.0000000000000000e+00 	 -4.2169864225283099e+01 	 -1.2462872279742719e+02 	 5.9632088990711657e+02 	 0.0000000000000000e+00
	 -4.7435539300377525e+02 	 4.2169864225283099e+01 	 0.0000000000000000e+00 	 0.0000000000000000e+00 	 0.0000000000000000e+00 	 3.9294724178744855e+03

	 0.224490
	 4.0197982583998251e+08 	 4.9219869735309117e+07 	 0.0000000000000000e+00 	 0.0000000000000000e+00 	 0.0000000000000000e+00 	 1.1906650054926747e+08
	 4.9219869735431775e+07 	 7.1993827183809078e+08 	 0.0000000000000000e+00 	 0.0000000000000000e+00 	 0.0000000000000000e+00 	 8.0560622780165404e+07
	 0.0000000000000000e+00 	 0.0000000000000000e+00 	 2.5756687970188419e+10 	 1.6332334674668381e+09 	 -1.1009163348154013e+09 	 0.0000000000000000e+00
	 0.0000000000000000e+00 	 0.0000000000000000e+00 	 1.6332334674667640e+09 	 5.5327445704508049e+10 	 -4.2102527080657091e+09 	 0.0000000000000000e+00
	 0.0000000000000000e+00 	 0.0000000000000000e+00 	 -1.1009163348160632e+09 	 -4.2102527080677075e+09 	 2.9571861188369274e+10 	 0.0000000000000000e+00
	 1.1906650054947424e+08 	 8.0560622780268818e+07 	 0.0000000000000000e+00 	 0.0000000000000000e+00 	 0.0000000000000000e+00 	 2.1315492009802687e+09

	 7.0513409633998083e+02 	 0.0000000000000000e+00 	 0.0000000000000000e+00 	 0.0000000000000000e+00 	 0.0000000000000000e+00 	 -4.8590849884966087e+02
	 0.0000000000000000e+00 	 7.0513409633998083e+02 	 0.0000000000000000e+00 	 0.0000000000000000e+00 	 0.0000000000000000e+00 	 3.6424712746305097e+01
	 0.0000000000000000e+00 	 0.0000000000000000e+00 	 7.0513409633998083e+02 	 4.8590849884966087e+02 	 -3.6424712746305097e+01 	 0.0000000000000000e+00
	 0.0000000000000000e+00 	 0.0000000000000000e+00 	 4.8590849884966087e+02 	 3.2397988028867580e+03 	 -1.1240036365877934e+02 	 0.0000000000000000e+00
	 0.0000000000000000e+00 	 0.0000000000000000e+00 	 -3.6424712746305097e+01 	 -1.1240036365877934e+02 	 5.3460828682803856e+02 	 0.0000000000000000e+00
	 -4.8590849884966087e+02 	 3.6424712746305097e+01 	 0.0000000000000000e+00 	 0.0000000000000000e+00 	 0.0000000000000000e+00 	 3.7744070897148076e+03

	 0.244898
	 3.8494783093126476e+08 	 4.3125224961790182e+07 	 0.0000000000000000e+00 	 0.0000000000000000e+00 	 0.0000000000000000e+00 	 1.1295315194880380e+08
	 4.3125224961673014e+07 	 7.1033657760217202e+08 	 0.0000000000000000e+00 	 0.0000000000000000e+00 	 0.0000000000000000e+00 	 7.0475144161830798e+07
	 0.0000000000000000e+00 	 0.0000000000000000e+00 	 2.5595110883364147e+10 	 1.6783225293542230e+09 	 -8.6479447666495430e+08 	 0.0000000000000000e+00
	 0.0000000000000000e+00 	 0.0000000000000000e+00 	 1.6783225293535357e+09 	 5.3513053396578308e+10 	 -3.5516243349088540e+09 	 0.0000000000000000e+00
	 0.0000000000000000e+00 	 0.0000000000000000e+00 	 -8.6479447666370189e+08 	 -3.5516243349035745e+09 	 2.7108985229163429e+10 	 0.0000000000000000e+00
	 1.1295315194896442e+08 	 7.0475144162564576e+07 	 0.0000000000000000e+00 	 0.0000000000000000e+00 	 0.0000000000000000e+00 	 1.9415859032193913e+09

	 6.9017928180890442e+02 	 0.0000000000000000e+00 	 0.0000000000000000e+00 	 0.0000000000000000e+00 	 0.0000000000000000e+00 	 -4.8578980314988371e+02
	 0.0000000000000000e+00 	 6.9017928180890442e+02 	 0.0000000000000000e+00 	 0.0000000000000000e+00 	 0.0000000000000000e+00 	 3.1106808634242604e+01
	 0.0000000000000000e+00 	 0.0000000000000000e+00 	 6.9017928180890442e+02 	 4.8578980314988371e+02 	 -3.1106808634242604e+01 	 0.0000000000000000e+00
	 0.0000000000000000e+00 	 0.0000000000000000e+00 	 4.8578980314988371e+02 	 3.1231927206262762e+03 	 -1.0149464432828159e+02 	 0.0000000000000000e+00
	 0.0000000000000000e+00 	 0.0000000000000000e+00 	 -3.1106808634242604e+01 	 -1.0149464432828159e+02 	 4.8437250273572113e+02 	 0.0000000000000000e+00
	 -4.8578980314988371e+02 	 3.1106808634242604e+01 	 0.0000000000000000e+00 	 0.0000000000000000e+00 	 0.0000000000000000e+00 	 3.6075652233619971e+03

	 0.265306
	 3.7122321896144927e+08 	 3.8375344845188893e+07 	 0.0000000000000000e+00 	 0.0000000000000000e+00 	 0.0000000000000000e+00 	 1.0519223417279094e+08
	 3.8375344844490826e+07 	 6.9850499211258197e+08 	 0.0000000000000000e+00 	 0.0000000000000000e+00 	 0.0000000000000000e+00 	 6.4380199600323051e+07
	 0.0000000000000000e+00 	 0.0000000000000000e+00 	 2.5362366461191837e+10 	 1.7133395289325697e+09 	 -7.6756300860305178e+08 	 0.0000000000000000e+00
	 0.0000000000000000e+00 	 0.0000000000000000e+00 	 1.7133395289358776e+09 	 5.0940593616704178e+10 	 -3.0406107616999931e+09 	 0.0000000000000000e+00
	 0.0000000000000000e+00 	 0.0000000000000000e+00 	 -7.6756300860272801e+08 	 -3.0406107617006569e+09 	 2.5093312503941978e+10 	 0.0000000000000000e+00
	 1.0519223417268372e+08 	 6.4380199601044692e+07 	 0.0000000000000000e+00 	 0.0000000000000000e+00 	 0.0000000000000000e+00 	 1.7975485048023639e+09

	 6.7438856922423145e+02 	 0.0000000000000000e+00 	 0.0000000000000000e+00 	 0.0000000000000000e+00 	 0.0000000000000000e+00 	 -4.8255303694475691e+02
	 0.0000000000000000e+00 	 6.7438856922423145e+02 	 0.0000000000000000e+00 	 0.0000000000000000e+00 	 0.0000000000000000e+00 	 2.8505459478348723e+01
	 0.0000000000000000e+00 	 0.0000000000000000e+00 	 6.7438856922423145e+02 	 4.8255303694475691e+02 	 -2.8505459478348723e+01 	 0.0000000000000000e+00
	 0.0000000000000000e+00 	 0.0000000000000000e+00 	 4.8255303694475691e+02 	 2.9809547818818396e+03 	 -9.2309517511610863e+01 	 0.0000000000000000e+00
	 0.0000000000000000e+00 	 0.0000000000000000e+00 	 -2.8505459478348723e+01 	 -9.2309517511610863e+01 	 4.4442336740407853e+02 	 0.0000000000000000e+00
	 -4.8255303694475691e+02 	 2.8505459478348723e+01 	 0.0000000000000000e+00 	 0.0000000000000000e+00 	 0.0000000000000000e+00 	 3.4253781492859225e+03

	 0.285714
	 3.5709385363058197e+08 	 3.4539584264006056e+07 	 0.0000000000000000e+00 	 0.0000000000000000e+00 	 0.0000000000000000e+00 	 9.7326077057944804e+07
	 3.4539584263876967e+07 	 6.8568437456313705e+08 	 0.0000000000000000e+00 	 0.0000000000000000e+00 	 0.0000000000000000e+00 	 5.8613084847727239e+07
	 0.0000000000000000e+00 	 0.0000000000000000e+00 	 2.5068467328516117e+10 	 1.7205101921493239e+09 	 -6.8709543440681219e+08 	 0.0000000000000000e+00
	 0.0000000000000000e+00 	 0.0000000000000000e+00 	 1.7205101921507857e+09 	 4.7867568023935577e+10 	 -2.6153847065321674e+09 	 0.0000000000000000e+00
	 0.0000000000000000e+00 	 0.0000000000000000e+00 	 -6.8709543440614295e+08 	 -2.6153847065316586e+09 	 2.3077338115862877e+10 	 0.0000000000000000e+00
	 9.7326077058261529e+07 	 5.8613084847427838e+07 	 0.0000000000000000e+00 	 0.0000000000000000e+00 	 0.0000000000000000e+00 	 1.6548386937758017e+09

	 6.5710581449671747e+02 	 0.0000000000000000e+00 	 0.0000000000000000e+00 	 0.0000000000000000e+00 	 0.0000000000000000e+00 	 -4.7233099836694896e+02
	 0.0000000000000000e+00 	 6.5710581449671747e+02 	 0.0000000000000000e+00 	 0.0000000000000000e+00 	 0.0000000000000000e+00 	 2.6175475538224426e+01
	 0.0000000000000000e+00 	 0.0000000000000000e+00 	 6.5710581449671747e+02 	 4.7233099836694896e+02 	 -2.6175475538224426e+01 	 0.0000000000000000e+00
	 0.0000000000000000e+00 	 0.0000000000000000e+00 	 4.7233099836694896e+02 	 2.8088123524384614e+03 	 -8.3872115137628384e+01 	 0.0000000000000000e+00
	 0.0000000000000000e+00 	 0.0000000000000000e+00 	 -2.6175475538224426e+01 	 -8.3872115137628384e+01 	 4.0523246976954147e+02 	 0.0000000000000000e+00
	 -4.7233099836694896e+02 	 2.6175475538224426e+01 	 0.0000000000000000e+00 	 0.0000000000000000e+00 	 0.0000000000000000e+00 	 3.2140448222080072e+03

	 0.306122
	 3.4287560919310379e+08 	 3.1102129887607388e+07 	 0.0000000000000000e+00 	 0.0000000000000000e+00 	 0.0000000000000000e+00 	 9.0151899559453785e+07
	 3.1102129887341768e+07 	 6.7178053786347580e+08 	 0.0000000000000000e+00 	 0.0000000000000000e+00 	 0.0000000000000000e+00 	 5.3093940131832376e+07
	 0.0000000000000000e+00 	 0.0000000000000000e+00 	 2.4751129862747112e+10 	 1.6841386931956410e+09 	 -6.0736572858825016e+08 	 0.0000000000000000e+00
	 0.0000000000000000e+00 	 0.0000000000000000e+00 	 1.6841386931921401e+09 	 4.4577753985387398e+10 	 -2.2471607919525719e+09 	 0.0000000000000000e+00
	 0.0000000000000000e+00 	 0.0000000000000000e+00 	 -6.0736572858897018e+08 	 -2.2471607919525223e+09 	 2.1137100069150261e+10 	 0.0000000000000000e+00
	 9.0151899559350312e+07 	 5.3093940130615413e+07 	 0.0000000000000000e+00 	 0.0000000000000000e+00 	 0.0000000000000000e+00 	 1.5141076070485325e+09

	 6.3911677618974500e+02 	 0.0000000000000000e+00 	 0.0000000000000000e+00 	 0.0000000000000000e+00 	 0.0000000000000000e+00 	 -4.5728455707489996e+02
	 0.0000000000000000e+00 	 6.3911677618974500e+02 	 0.0000000000000000e+00 	 0.0000000000000000e+00 	 0.0000000000000000e+00 	 2.3893043278258688e+01
	 0.0000000000000000e+00 	 0.0000000000000000e+00 	 6.3911677618974500e+02 	 4.5728455707489996e+02 	 -2.3893043278258688e+01 	 0.0000000000000000e+00
	 0.0000000000000000e+00 	 0.0000000000000000e+00 	 4.5728455707489996e+02 	 2.6211467277371612e+03 	 -7.5801165955348353e+01 	 0.0000000000000000e+00
	 0.0000000000000000e+00 	 0.0000000000000000e+00 	 -2.3893043278258688e+01 	 -7.5801165955348353e+01 	 3.6770951807407511e+02 	 0.0000000000000000e+00
	 -4.5728455707489996e+02 	 2.3893043278258688e+01 	 0.0000000000000000e+00 	 0.0000000000000000e+00 	 0.0000000000000000e+00 	 2.9888562458112215e+03

	 0.326531
	 3.2885982659467041e+08 	 2.7764338998629507e+07 	 0.0000000000000000e+00 	 0.0000000000000000e+00 	 0.0000000000000000e+00 	 8.3878940898339346e+07
	 2.7764338998564880e+07 	 6.5710961038434553e+08 	 0.0000000000000000e+00 	 0.0000000000000000e+00 	 0.0000000000000000e+00 	 4.7915990039025642e+07
	 0.0000000000000000e+00 	 0.0000000000000000e+00 	 2.4437309594129002e+10 	 1.6096802659517395e+09 	 -5.3097053528537023e+08 	 0.0000000000000000e+00
	 0.0000000000000000e+00 	 0.0000000000000000e+00 	 1.6096802659569943e+09 	 4.1192286381002075e+10 	 -1.9089603203023365e+09 	 0.0000000000000000e+00
	 0.0000000000000000e+00 	 0.0000000000000000e+00 	 -5.3097053528626883e+08 	 -1.9089603203031108e+09 	 1.9320645555629700e+10 	 0.0000000000000000e+00
	 8.3878940898580328e+07 	 4.7915990039520554e+07 	 0.0000000000000000e+00 	 0.0000000000000000e+00 	 0.0000000000000000e+00 	 1.3787388049946191e+09

	 6.2075882693230528e+02 	 0.0000000000000000e+00 	 0.0000000000000000e+00 	 0.0000000000000000e+00 	 0.0000000000000000e+00 	 -4.3849906088708525e+02
	 0.0000000000000000e+00 	 6.2075882693230528e+02 	 0.0000000000000000e+00 	 0.0000000000000000e+00 	 0.0000000000000000e+00 	 2.1661246892457370e+01
	 0.0000000000000000e+00 	 0.0000000000000000e+00 	 6.2075882693230528e+02 	 4.3849906088708525e+02 	 -2.1661246892457370e+01 	 0.0000000000000000e+00
	 0.0000000000000000e+00 	 0.0000000000000000e+00 	 4.3849906088708525e+02 	 2.4238082751633365e+03 	 -6.7984138635031940e+01 	 0.0000000000000000e+00
	 0.0000000000000000e+00 	 0.0000000000000000e+00 	 -2.1661246892457370e+01 	 -6.7984138635031940e+01 	 3.3259541114668434e+02 	 0.0000000000000000e+00
	 -4.3849906088708525e+02 	 2.1661246892457370e+01 	 0.0000000000000000e+00 	 0.0000000000000000e+00 	 0.0000000000000000e+00 	 2.7564036863100332e+03

	 0.346939
	 3.1496002776321930e+08 	 2.4622971844748955e+07 	 0.0000000000000000e+00 	 0.0000000000000000e+00 	 0.0000000000000000e+00 	 7.8730190947008818e+07
	 2.4622971844409049e+07 	 6.4132883922729337e+08 	 0.0000000000000000e+00 	 0.0000000000000000e+00 	 0.0000000000000000e+00 	 4.3794513434694320e+07
	 0.0000000000000000e+00 	 0.0000000000000000e+00 	 2.4105236989055210e+10 	 1.4841122595229359e+09 	 -4.6705085478392613e+08 	 0.0000000000000000e+00
	 0.0000000000000000e+00 	 0.0000000000000000e+00 	 1.4841122595235336e+09 	 3.7819157981966965e+10 	 -1.6164947065714998e+09 	 0.0000000000000000e+00
	 0.0000000000000000e+00 	 0.0000000000000000e+00 	 -4.6705085478377616e+08 	 -1.6164947065715120e+09 	 1.7607155384255241e+10 	 0.0000000000000000e+00
	 7.8730190946435124e+07 	 4.3794513434928380e+07 	 0.0000000000000000e+00 	 0.0000000000000000e+00 	 0.0000000000000000e+00 	 1.2490604717994301e+09

	 6.0198569066846267e+02 	 0.0000000000000000e+00 	 0.0000000000000000e+00 	 0.0000000000000000e+00 	 0.0000000000000000e+00 	 -4.1678513980956922e+02
	 0.0000000000000000e+00 	 6.0198569066846267e+02 	 0.0000000000000000e+00 	 0.0000000000000000e+00 	 0.0000000000000000e+00 	 1.9677851186163402e+01
	 0.0000000000000000e+00 	 0.0000000000000000e+00 	 6.0198569066846267e+02 	 4.1678513980956922e+02 	 -1.9677851186163402e+01 	 0.0000000000000000e+00
	 0.0000000000000000e+00 	 0.0000000000000000e+00 	 4.1678513980956922e+02 	 2.2239450067044040e+03 	 -6.0726257777934421e+01 	 0.0000000000000000e+00
	 0.0000000000000000e+00 	 0.0000000000000000e+00 	 -1.9677851186163402e+01 	 -6.0726257777934421e+01 	 2.9974152298413026e+02 	 0.0000000000000000e+00
	 -4.1678513980956922e+02 	 1.9677851186163402e+01 	 0.0000000000000000e+00 	 0.0000000000000000e+00 	 0.0000000000000000e+00 	 2.5236865296885280e+03

	 0.367347
	 3.0165448703771919e+08 	 2.1914063523725383e+07 	 0.0000000000000000e+00 	 0.0000000000000000e+00 	 0.0000000000000000e+00 	 7.5085214024214908e+07
	 2.1914063523864117e+07 	 6.2645630168089962e+08 	 0.0000000000000000e+00 	 0.0000000000000000e+00 	 0.0000000000000000e+00 	 3.8293699305181049e+07
	 0.0000000000000000e+00 	 0.0000000000000000e+00 	 2.3777107387882156e+10 	 1.2689638802310617e+09 	 -3.7238039019801158e+08 	 0.0000000000000000e+00
	 0.0000000000000000e+00 	 0.0000000000000000e+00 	 1.2689638802327805e+09 	 3.4392839645992088e+10 	 -1.3600980282746551e+09 	 0.0000000000000000e+00
	 0.0000000000000000e+00 	 0.0000000000000000e+00 	 -3.7238039019781858e+08 	 -1.3600980282752252e+09 	 1.6025779146788626e+10 	 0.0000000000000000e+00
	 7.5085214024297029e+07 	 3.8293699304674119e+07 	 0.0000000000000000e+00 	 0.0000000000000000e+00 	 0.0000000000000000e+00 	 1.1295448501252761e+09

	 5.8320841909417732e+02 	 0.0000000000000000e+00 	 0.0000000000000000e+00 	 0.0000000000000000e+00 	 0.0000000000000000e+00 	 -3.9113556377860527e+02
	 0.0000000000000000e+00 	 5.8320841909417732e+02 	 0.0000000000000000e+00 	 0.0000000000000000e+00 	 0.0000000000000000e+00 	 1.7358607413718854e+01
	 0.0000000000000000e+00 	 0.0000000000000000e+00 	 5.8320841909417732e+02 	 3.9113556377860527e+02 	 -1.7358607413718854e+01 	 0.0000000000000000e+00
	 0.0000000000000000e+00 	 0.0000000000000000e+00 	 3.9113556377860527e+02 	 2.0207563001394678e+03 	 -5.3855799069306443e+01 	 0.0000000000000000e+00
	 0.0000000000000000e+00 	 0.0000000000000000e+00 	 -1.7358607413718854e+01 	 -5.3855799069306443e+01 	 2.6969582550937048e+02 	 0.0000000000000000e+00
	 -3.9113556377860527e+02 	 1.7358607413718854e+01 	 0.0000000000000000e+00 	 0.0000000000000000e+00 	 0.0000000000000000e+00 	 2.2904521256488456e+03

	 0.387755
	 2.8872063885490006e+08 	 1.8920451099888004e+07 	 0.0000000000000000e+00 	 0.0000000000000000e+00 	 0.0000000000000000e+00 	 7.1920487133049279e+07
	 1.8920451099352092e+07 	 6.1110246884079647e+08 	 0.0000000000000000e+00 	 0.0000000000000000e+00 	 0.0000000000000000e+00 	 3.3958638709255606e+07
	 0.0000000000000000e+00 	 0.0000000000000000e+00 	 2.3397259209855122e+10 	 1.0516453149755743e+09 	 -3.0831259114270443e+08 	 0.0000000000000000e+00
	 0.0000000000000000e+00 	 0.0000000000000000e+00 	 1.0516453149738076e+09 	 3.1181456242243511e+10 	 -1.1076867185766618e+09 	 0.0000000000000000e+00
	 0.0000000000000000e+00 	 0.0000000000000000e+00 	 -3.0831259114265162e+08 	 -1.1076867185764716e+09 	 1.4523277149553102e+10 	 0.0000000000000000e+00
	 7.1920487133169875e+07 	 3.3958638708428927e+07 	 0.0000000000000000e+00 	 0.0000000000000000e+00 	 0.0000000000000000e+00 	 1.0179465062153995e+09

	 5.6399575162671431e+02 	 0.0000000000000000e+00 	 0.0000000000000000e+00 	 0.0000000000000000e+00 	 0.0000000000000000e+00 	 -3.6490112024194070e+02
	 0.0000000000000000e+00 	 5.6399575162671431e+02 	 0.0000000000000000e+00 	 0.0000000000000000e+00 	 0.0000000000000000e+00 	 1.5473606985330203e+01
	 0.0000000000000000e+00 	 0.0000000000000000e+00 	 5.6399575162671431e+02 	 3.6490112024194070e+02 	 -1.5473606985330203e+01 	 0.0000000000000000e+00
	 0.0000000000000000e+00 	 0.0000000000000000e+00 	 3.6490112024194070e+02 	 1.8256285653296075e+03 	 -4.7200775564878221e+01 	 0.0000000000000000e+00
	 0.0000000000000000e+00 	 0.0000000000000000e+00 	 -1.5473606985330203e+01 	 -4.7200775564878221e+01 	 2.4170697221946526e+02 	 0.0000000000000000e+00
	 -3.6490112024194070e+02 	 1.5473606985330203e+01 	 0.0000000000000000e+00 	 0.0000000000000000e+00 	 0.0000000000000000e+00 	 2.0673355375490673e+03

	 0.408163
	 2.7385918331185263e+08 	 1.6322961261103779e+07 	 0.0000000000000000e+00 	 0.0000000000000000e+00 	 0.0000000000000000e+00 	 6.7220654555169120e+07
	 1.6322961260735290e+07 	 5.9543897582735145e+08 	 0.0000000000000000e+00 	 0.0000000000000000e+00 	 0.0000000000000000e+00 	 3.0330461352993604e+07
	 0.0000000000000000e+00 	 0.0000000000000000e+00 	 2.2934918021501942e+10 	 9.2482941913968658e+08 	 -2.6626991924261165e+08 	 0.0000000000000000e+00
	 0.0000000000000000e+00 	 0.0000000000000000e+00 	 9.2482941913880551e+08 	 2.7971067030600845e+10 	 -8.8954429196227193e+08 	 0.0000000000000000e+00
	 0.0000000000000000e+00 	 0.0000000000000000e+00 	 -2.6626991924232116e+08 	 -8.8954429196198428e+08 	 1.2913519413116419e+10 	 0.0000000000000000e+00
	 6.7220654554976761e+07 	 3.0330461353569094e+07 	 0.0000000000000000e+00 	 0.0000000000000000e+00 	 0.0000000000000000e+00 	 9.0329240002315545e+08

	 5.4310901665024016e+02 	 0.0000000000000000e+00 	 0.0000000000000000e+00 	 0.0000000000000000e+00 	 0.0000000000000000e+00 	 -3.3915850191869288e+02
	 0.0000000000000000e+00 	 5.4310901665024016e+02 	 0.0000000000000000e+00 	 0.0000000000000000e+00 	 0.0000000000000000e+00 	 1.4062616372191441e+01
	 0.0000000000000000e+00 	 0.0000000000000000e+00 	 5.4310901665024016e+02 	 3.3915850191869288e+02 	 -1.4062616372191441e+01 	 0.0000000000000000e+00
	 0.0000000000000000e+00 	 0.0000000000000000e+00 	 3.3915850191869288e+02 	 1.6332987510793585e+03 	 -4.1190065488240535e+01 	 0.0000000000000000e+00
	 0.0000000000000000e+00 	 0.0000000000000000e+00 	 -1.4062616372191441e+01 	 -4.1190065488240535e+01 	 2.1260367704072507e+02 	 0.0000000000000000e+00
	 -3.3915850191869288e+02 	 1.4062616372191441e+01 	 0.0000000000000000e+00 	 0.0000000000000000e+00 	 0.0000000000000000e+00 	 1.8459024281200877e+03

	 0.428571
	 2.5651154684384394e+08 	 1.3883658250053125e+07 	 0.0000000000000000e+00 	 0.0000000000000000e+00 	 0.0000000000000000e+00 	 6.1098765614679389e+07
	 1.3883658251024792e+07 	 5.7942406158935380e+08 	 0.0000000000000000e+00 	 0.0000000000000000e+00 	 0.0000000000000000e+00 	 2.8539375919742301e+07
	 0.0000000000000000e+00 	 0.0000000000000000e+00 	 2.2429575244058311e+10 	 9.9802649170631635e+08 	 -2.6597936046252671e+08 	 0.0000000000000000e+00
	 0.0000000000000000e+00 	 0.0000000000000000e+00 	 9.9802649170691860e+08 	 2.5255252097683182e+10 	 -6.9854339771622467e+08 	 0.0000000000000000e+00
	 0.0000000000000000e+00 	 0.0000000000000000e+00 	 -2.6597936046283647e+08 	 -6.9854339771609962e+08 	 1.1212170087738888e+10 	 0.0000000000000000e+00
	 6.1098765614841819e+07 	 2.8539375921198864e+07 	 0.0000000000000000e+00 	 0.0000000000000000e+00 	 0.0000000000000000e+00 	 7.8711533992693305e+08

	 5.2228359989210821e+02 	 0.0000000000000000e+00 	 0.0000000000000000e+00 	 0.0000000000000000e+00 	 0.0000000000000000e+00 	 -3.1910871457248822e+02
	 0.0000000000000000e+00 	 5.2228359989210821e+02 	 0.0000000000000000e+00 	 0.0000000000000000e+00 	 0.0000000000000000e+00 	 1.3448273216621150e+01
	 0.0000000000000000e+00 	 0.0000000000000000e+00 	 5.2228359989210821e+02 	 3.1910871457248822e+02 	 -1.3448273216621150e+01 	 0.0000000000000000e+00
	 0.0000000000000000e+00 	 0.0000000000000000e+00 	 3.1910871457248822e+02 	 1.4665744767782021e+03 	 -3.5783347790338311e+01 	 0.0000000000000000e+00
	 0.0000000000000000e+00 	 0.0000000000000000e+00 	 -1.3448273216621150e+01 	 -3.5783347790338311e+01 	 1.8283165628962570e+02 	 0.0000000000000000e+00
	 -3.1910871457248822e+02 	 1.3448273216621150e+01 	 0.0000000000000000e+00 	 0.0000000000000000e+00 	 0.0000000000000000e+00 	 1.6494061330678326e+03

	 0.448980
	 2.4039334737353173e+08 	 1.1577023380644761e+07 	 0.0000000000000000e+00 	 0.0000000000000000e+00 	 0.0000000000000000e+00 	 5.7168014647521995e+07
	 1.1577023380289579e+07 	 5.6464459979114568e+08 	 0.0000000000000000e+00 	 0.0000000000000000e+00 	 0.0000000000000000e+00 	 2.6129071125660326e+07
	 0.0000000000000000e+00 	 0.0000000000000000e+00 	 2.1874604029224533e+10 	 8.3998041837461185e+08 	 -2.5608741157375014e+08 	 0.0000000000000000e+00
	 0.0000000000000000e+00 	 0.0000000000000000e+00 	 8.3998041837645054e+08 	 2.2297124325158840e+10 	 -5.2905312542073500e+08 	 0.0000000000000000e+00
	 0.0000000000000000e+00 	 0.0000000000000000e+00 	 -2.5608741157326749e+08 	 -5.2905312542046708e+08 	 9.7056684180456142e+09 	 0.0000000000000000e+00
	 5.7168014647451684e+07 	 2.6129071124740027e+07 	 0.0000000000000000e+00 	 0.0000000000000000e+00 	 0.0000000000000000e+00 	 6.8621754486713147e+08

	 5.0036658650323074e+02 	 0.0000000000000000e+00 	 0.0000000000000000e+00 	 0.0000000000000000e+00 	 0.0000000000000000e+00 	 -2.9133185013986207e+02
	 0.0000000000000000e+00 	 5.0036658650323074e+02 	 0.0000000000000000e+00 	 0.0000000000000000e+00 	 0.0000000000000000e+00 	 1.2620075100775251e+01
	 0.0000000000000000e+00 	 0.0000000000000000e+00 	 5.0036658650323074e+02 	 2.9133185013986207e+02 	 -1.2620075100775251e+01 	 0.0000000000000000e+00
	 0.0000000000000000e+00 	 0.0000000000000000e+00 	 2.9133185013986207e+02 	 1.2898821607179893e+03 	 -3.0722569193194150e+01 	 0.0000000000000000e+00
	 0.0000000000000000e+00 	 0.0000000000000000e+00 	 -1.2620075100775251e+01 	 -3.0722569193194150e+01 	 1.5684356456476010e+02 	 0.0000000000000000e+00
	 -2.9133185013986207e+02 	 1.2620075100775251e+01 	 0.0000000000000000e+00 	 0.0000000000000000e+00 	 0.0000000000000000e+00 	 1.4467257252827430e+03

	 0.469388
	 2.2523798993138403e+08 	 9.5666391595228985e+06 	 0.0000000000000000e+00 	 0.0000000000000000e+00 	 0.0000000000000000e+00 	 5.3882268264877006e+07
	 9.5666391596773025e+06 	 5.4965609498333955e+08 	 0.0000000000000000e+00 	 0.0000000000000000e+00 	 0.0000000000000000e+00 	 2.3247076967340071e+07
	 0.0000000000000000e+00 	 0.0000000000000000e+00 	 2.1302944383513367e+10 	 6.7517036538389361e+08 	 -2.3254088083138147e+08 	 0.0000000000000000e+00
	 0.0000000000000000e+00 	 0.0000000000000000e+00 	 6.7517036538633072e+08 	 1.9728241887318150e+10 	 -3.9277818568467885e+08 	 0.0000000000000000e+00
	 0.0000000000000000e+00 	 0.0000000000000000e+00 	 -2.3254088083142251e+08 	 -3.9277818568463385e+08 	 8.3895295962387285e+09 	 0.0000000000000000e+00
	 5.3882268264772177e+07 	 2.3247076967459146e+07 	 0.0000000000000000e+00 	 0.0000000000000000e+00 	 0.0000000000000000e+00 	 5.9743318130369437e+08

	 4.7896330746587722e+02 	 0.0000000000000000e+00 	 0.0000000000000000e+00 	 0.0000000000000000e+00 	 0.0000000000000000e+00 	 -2.6533444533636646e+02
	 0.0000000000000000e+00 	 4.7896330746587722e+02 	 0.0000000000000000e+00 	 0.0000000000000000e+00 	 0.0000000000000000e+00 	 1.1639909675528322e+01
	 0.0000000000000000e+00 	 0.0000000000000000e+00 	 4.7896330746587722e+02 	 2.6533444533636646e+02 	 -1.1639909675528322e+01 	 0.0000000000000000e+00
	 0.0000000000000000e+00 	 0.0000000000000000e+00 	 2.6533444533636646e+02 	 1.1329306841235448e+03 	 -2.6284893216240857e+01 	 0.0000000000000000e+00
	 0.0000000000000000e+00 	 0.0000000000000000e+00 	 -1.1639909675528322e+01 	 -2.6284893216240857e+01 	 1.3441018065952912e+02 	 0.0000000000000000e+00
	 -2.6533444533636646e+02 	 1.1639909675528322e+01 	 0.0000000000000000e+00 	 0.0000000000000000e+00 	 0.0000000000000000e+00 	 1.2673408647830704e+03

	 0.489796
	 2.1138015540946442e+08 	 7.5297723746453840e+06 	 0.0000000000000000e+00 	 0.0000000000000000e+00 	 0.0000000000000000e+00 	 5.1518245805574879e+07
	 7.5297723745733332e+06 	 5.3687078582951295e+08 	 0.0000000000000000e+00 	 0.0000000000000000e+00 	 0.0000000000000000e+00 	 2.1455424349785056e+07
	 0.0000000000000000e+00 	 0.0000000000000000e+00 	 2.0725093728530380e+10 	 4.9635334393091798e+08 	 -2.2204177169415444e+08 	 0.0000000000000000e+00
	 0.0000000000000000e+00 	 0.0000000000000000e+00 	 4.9635334393102598e+08 	 1.7402897430791416e+10 	 -2.7667847545534152e+08 	 0.0000000000000000e+00
	 0.0000000000000000e+00 	 0.0000000000000000e+00 	 -2.2204177169391030e+08 	 -2.7667847545524228e+08 	 7.2661757076306448e+09 	 0.0000000000000000e+00
	 5.1518245805611208e+07 	 2.1455424349700756e+07 	 0.0000000000000000e+00 	 0.0000000000000000e+00 	 0.0000000000000000e+00 	 5.2144700709567493e+08

	 4.5817651278752288e+02 	 0.0000000000000000e+00 	 0.0000000000000000e+00 	 0.0000000000000000e+00 	 0.0000000000000000e+00 	 -2.3988475246373861e+02
	 0.0000000000000000e+00 	 4.5817651278752288e+02 	 0.0000000000000000e+00 	 0.0000000000000000e+00 	 0.0000000000000000e+00 	 1.0902252622562056e+01
	 0.0000000000000000e+00 	 0.0000000000000000e+00 	 4.5817651278752288e+02 	 2.3988475246373861e+02 	 -1.0902252622562056e+01 	 0.0000000000000000e+00
	 0.0000000000000000e+00 	 0.0000000000000000e+00 	 2.3988475246373861e+02 	 9.9008238774030190e+02 	 -2.2332436010580889e+01 	 0.0000000000000000e+00
	 0.0000000000000000e+00 	 0.0000000000000000e+00 	 -1.0902252622562056e+01 	 -2.2332436010580889e+01 	 1.1543340714067469e+02 	 0.0000000000000000e+00
	 -2.3988475246373861e+02 	 1.0902252622562056e+01 	 0.0000000000000000e+00 	 0.0000000000000000e+00 	 0.0000000000000000e+00 	 1.1055157948809810e+03

	 0.510204
	 1.9099978591412807e+08 	 6.0860663388354536e+06 	 0.0000000000000000e+00 	 0.0000000000000000e+00 	 0.0000000000000000e+00 	 6.6849102630865209e+07
	 6.0860663387634326e+06 	 5.1675947942950284e+08 	 0.0000000000000000e+00 	 0.0000000000000000e+00 	 0.0000000000000000e+00 	 1.7929336925579354e+07
	 0.0000000000000000e+00 	 0.0000000000000000e+00 	 2.0073737156804527e+10 	 2.5104598418065602e+08 	 -1.9994818335600185e+08 	 0.0000000000000000e+00
	 0.0000000000000000e+00 	 0.0000000000000000e+00 	 2.5104598418089321e+08 	 1.5181717115916653e+10 	 -1.8155173618558437e+08 	 0.0000000000000000e+00
	 0.0000000000000000e+00 	 0.0000000000000000e+00 	 -1.9994818335567218e+08 	 -1.8155173618566564e+08 	 6.3012736337726946e+09 	 0.0000000000000000e+00
	 6.6849102630885012e+07 	 1.7929336925663851e+07 	 0.0000000000000000e+00 	 0.0000000000000000e+00 	 0.0000000000000000e+00 	 4.1800445880598700e+08

	 4.3145800422369626e+02 	 0.0000000000000000e+00 	 0.0000000000000000e+00 	 0.0000000000000000e+00 	 0.0000000000000000e+00 	 -2.0328959130052033e+02
	 0.0000000000000000e+00 	 4.3145800422369626e+02 	 0.0000000000000000e+00 	 0.0000000000000000e+00 	 0.0000000000000000e+00 	 9.4393956132732431e+00
	 0.0000000000000000e+00 	 0.0000000000000000e+00 	 4.3145800422369626e+02 	 2.0328959130052033e+02 	 -9.4393956132732431e+00 	 0.0000000000000000e+00
	 0.0000000000000000e+00 	 0.0000000000000000e+00 	 2.0328959130052033e+02 	 8.3675507120959912e+02 	 -1.7690957657966962e+01 	 0.0000000000000000e+00
	 0.0000000000000000e+00 	 0.0000000000000000e+00 	 -9.4393956132732431e+00 	 -1.7690957657966962e+01 	 9.9108134219662844e+01 	 0.0000000000000000e+00
	 -2.0328959130052033e+02 	 9.4393956132732431e+00 	 0.0000000000000000e+00 	 0.0000000000000000e+00 	 0.0000000000000000e+00 	 9.3586320542926114e+02

	 0.530612
	 1.8128462076843083e+08 	 4.3872604263375355e+06 	 0.0000000000000000e+00 	 0.0000000000000000e+00 	 0.0000000000000000e+00 	 6.3090229742720284e+07
	 4.3872604265201436e+06 	 5.0622535736436063e+08 	 0.0000000000000000e+00 	 0.0000000000000000e+00 	 0.0000000000000000e+00 	 1.5693343285979431e+07
	 0.0000000000000000e+00 	 0.0000000000000000e+00 	 1.9446243425606880e+10 	 2.9422749285794169e+07 	 -1.9130591185528296e+08 	 0.0000000000000000e+00
	 0.0000000000000000e+00 	 0.0000000000000000e+00 	 2.9422749285870500e+07 	 1.3212384471819439e+10 	 -9.7812719473338038e+07 	 0.0000000000000000e+00
	 0.0000000000000000e+00 	 0.0000000000000000e+00 	 -1.9130591185520083e+08 	 -9.7812719473279729e+07 	 5.4958011306503468e+09 	 0.0000000000000000e+00
	 6.3090229742693774e+07 	 1.5693343285923552e+07 	 0.0000000000000000e+00 	 0.0000000000000000e+00 	 0.0000000000000000e+00 	 3.6839898213629645e+08

	 4.1186669401358319e+02 	 0.0000000000000000e+00 	 0.0000000000000000e+00 	 0.0000000000000000e+00 	 0.0000000000000000e+00 	 -1.7987125955579111e+02
	 0.0000000000000000e+00 	 4.1186669401358319e+02 	 0.0000000000000000e+00 	 0.0000000000000000e+00 	 0.0000000000000000e+00 	 8.8425735703956949e+00
	 0.0000000000000000e+00 	 0.0000000000000000e+00 	 4.1186669401358319e+02 	 1.7987125955579111e+02 	 -8.8425735703956949e+00 	 0.0000000000000000e+00
	 0.0000000000000000e+00 	 0.0000000000000000e+00 	 1.7987125955579111e+02 	 7.1965297232570197e+02 	 -1.4658253458754269e+01 	 0.0000000000000000e+00
	 0.0000000000000000e+00 	 0.0000000000000000e+00 	 -8.8425735703956949e+00 	 -1.4658253458754269e+01 	 8.5726543783692264e+01 	 0.0000000000000000e+00
	 -1.7987125955579111e+02 	 8.8425735703956949e+00 	 0.0000000000000000e+00 	 0.0000000000000000e+00 	 0.0000000000000000e+00 	 8.0537951610939331e+02

	 0.551020
	 1.7020036433025944e+08 	 3.2145125052322876e+06 	 0.0000000000000000e+00 	 0.0000000000000000e+00 	 0.0000000000000000e+00 	 5.7401579332613170e+07
	 3.2145125051464355e+06 	 4.9581455004741418e+08 	 0.0000000000000000e+00 	 0.0000000000000000e+00 	 0.0000000000000000e+00 	 1.4425980320760896e+07
	 0.0000000000000000e+00 	 0.0000000000000000e+00 	 1.8776822946919117e+10 	 -4.1024964386344716e+07 	 -1.7833541765508735e+08 	 0.0000000000000000e+00
	 0.0000000000000000e+00 	 0.0000000000000000e+00 	 -4.1024964386577010e+07 	 1.1541292118770582e+10 	 -4.4152141578241751e+07 	 0.0000000000000000e+00
	 0.0000000000000000e+00 	 0.0000000000000000e+00 	 -1.7833541765514848e+08 	 -4.4152141578202784e+07 	 4.6938221304728584e+09 	 0.0000000000000000e+00
	 5.7401579332602844e+07 	 1.4425980320838680e+07 	 0.0000000000000000e+00 	 0.0000000000000000e+00 	 0.0000000000000000e+00 	 3.2161467283834660e+08

	 3.9240012170034339e+02 	 0.0000000000000000e+00 	 0.0000000000000000e+00 	 0.0000000000000000e+00 	 0.0000000000000000e+00 	 -1.6152441543890606e+02
	 0.0000000000000000e+00 	 3.9240012170034339e+02 	 0.0000000000000000e+00 	 0.0000000000000000e+00 	 0.0000000000000000e+00 	 8.1795192816165319e+00
	 0.0000000000000000e+00 	 0.0000000000000000e+00 	 3.9240012170034339e+02 	 1.6152441543890606e+02 	 -8.1795192816165319e+00 	 0.0000000000000000e+00
	 0.0000000000000000e+00 	 0.0000000000000000e+00 	 1.6152441543890606e+02 	 6.2130968983252933e+02 	 -1.2309482490630717e+01 	 0.0000000000000000e+00
	 0.0000000000000000e+00 	 0.0000000000000000e+00 	 -8.1795192816165319e+00 	 -1.2309482490630717e+01 	 7.2796291876305744e+01 	 0.0000000000000000e+00
	 -1.6152441543890606e+02 	 8.1795192816165319e+00 	 0.0000000000000000e+00 	 0.0000000000000000e+00 	 0.0000000000000000e+00 	 6.9410598170883202e+02

	 0.571429
	 1.5954979592785224e+08 	 2.1562667921664352e+06 	 0.0000000000000000e+00 	 0.0000000000000000e+00 	 0.0000000000000000e+00 	 5.2091189246233620e+07
	 2.1562667920698053e+06 	 4.8642166233946234e+08 	 0.0000000000000000e+00 	 0.0000000000000000e+00 	 0.0000000000000000e+00 	 1.3265001221496532e+07
	 0.0000000000000000e+00 	 0.0000000000000000e+00 	 1.8068563617626091e+10 	 -9.6358175420429572e+07 	 -1.6665473684410858e+08 	 0.0000000000000000e+00
	 0.0000000000000000e+00 	 0.0000000000000000e+00 	 -9.6358175420545518e+07 	 9.9907588776974659e+09 	 -3.1100931458309102e+06 	 0.0000000000000000e+00
	 0.0000000000000000e+00 	 0.0000000000000000e+00 	 -1.6665473684400052e+08 	 -3.1100931456217808e+06 	 3.9868898710619316e+09 	 0.0000000000000000e+00
	 5.2091189246212929e+07 	 1.3265001221567187e+07 	 0.0000000000000000e+00 	 0.0000000000000000e+00 	 0.0000000000000000e+00 	 2.7992691084911478e+08

	 3.7280160313999539e+02 	 0.0000000000000000e+00 	 0.0000000000000000e+00 	 0.0000000000000000e+00 	 0.0000000000000000e+00 	 -1.4413010611285415e+02
	 0.0000000000000000e+00 	 3.7280160313999539e+02 	 0.0000000000000000e+00 	 0.0000000000000000e+00 	 0.0000000000000000e+00 	 7.5532454948159256e+00
	 0.0000000000000000e+00 	 0.0000000000000000e+00 	 3.7280160313999539e+02 	 1.4413010611285415e+02 	 -7.5532454948159256e+00 	 0.0000000000000000e+00
	 0.0000000000000000e+00 	 0.0000000000000000e+00 	 1.4413010611285415e+02 	 5.3232864014041684e+02 	 -1.0246899485980627e+01 	 0.0000000000000000e+00
	 0.0000000000000000e+00 	 0.0000000000000000e+00 	 -7.5532454948159256e+00 	 -1.0246899485980627e+01 	 6.1529990840203148e+01 	 0.0000000000000000e+00
	 -1.4413010611285415e+02 	 7.5532454948159256e+00 	 0.0000000000000000e+00 	 0.0000000000000000e+00 	 0.0000000000000000e+00 	 5.9385863098062021e+02

	 0.591837
	 1.4958895812481385e+08 	 1.3552619271552400e+06 	 0.0000000000000000e+00 	 0.0000000000000000e+00 	 0.0000000000000000e+00 	 4.7149514328645088e+07
	 1.3552619272201420e+06 	 4.7776879580789304e+08 	 0.0000000000000000e+00 	 0.0000000000000000e+00 	 0.0000000000000000e+00 	 1.2286298193226444e+07
	 0.0000000000000000e+00 	 0.0000000000000000e+00 	 1.7349193317464741e+10 	 -1.2995514024843125e+08 	 -1.6068527796061027e+08 	 0.0000000000000000e+00
	 0.0000000000000000e+00 	 0.0000000000000000e+00 	 -1.2995514024843664e+08 	 8.6545792787993374e+09 	 2.7068620229314897e+07 	 0.0000000000000000e+00
	 0.0000000000000000e+00 	 0.0000000000000000e+00 	 -1.6068527796054360e+08 	 2.7068620229286138e+07 	 3.3836805069400935e+09 	 0.0000000000000000e+00
	 4.7149514328647316e+07 	 1.2286298193312608e+07 	 0.0000000000000000e+00 	 0.0000000000000000e+00 	 0.0000000000000000e+00 	 2.4355985881254923e+08

	 3.5375942660185052e+02 	 0.0000000000000000e+00 	 0.0000000000000000e+00 	 0.0000000000000000e+00 	 0.0000000000000000e+00 	 -1.2833890253361983e+02
	 0.0000000000000000e+00 	 3.5375942660185052e+02 	 0.0000000000000000e+00 	 0.0000000000000000e+00 	 0.0000000000000000e+00 	 7.0340445431986298e+00
	 0.0000000000000000e+00 	 0.0000000000000000e+00 	 3.5375942660185052e+02 	 1.2833890253361983e+02 	 -7.0340445431986298e+00 	 0.0000000000000000e+00
	 0.0000000000000000e+00 	 0.0000000000000000e+00 	 1.2833890253361983e+02 	 4.5510464357480441e+02 	 -8.5105265225902169e+00 	 0.0000000000000000e+00
	 0.0000000000000000e+00 	 0.0000000000000000e+00 	 -7.0340445431986298e+00 	 -8.5105265225902169e+00 	 5.1988170033589306e+01 	 0.0000000000000000e+00
	 -1.2833890253361983e+02 	 7.0340445431986298e+00 	 0.0000000000000000e+00 	 0.0000000000000000e+00 	 0.0000000000000000e+00 	 5.0709281360839401e+02

	 0.612245
	 1.4008791663052106e+08 	 6.9476618420568155e+05 	 0.0000000000000000e+00 	 0.0000000000000000e+00 	 0.0000000000000000e+00 	 4.1784797869464174e+07
	 6.9476618434889428e+05 	 4.6852550817896080e+08 	 0.0000000000000000e+00 	 0.0000000000000000e+00 	 0.0000000000000000e+00 	 1.1570134195993535e+07
	 0.0000000000000000e+00 	 0.0000000000000000e+00 	 1.6617963119681122e+10 	 -1.0656530877554426e+08 	 -1.6191596057279623e+08 	 0.0000000000000000e+00
	 0.0000000000000000e+00 	 0.0000000000000000e+00 	 -1.0656530877578174e+08 	 7.5296254940735111e+09 	 4.8031768626697950e+07 	 0.0000000000000000e+00
	 0.0000000000000000e+00 	 0.0000000000000000e+00 	 -1.6191596057278407e+08 	 4.8031768626774803e+07 	 2.8711858083732882e+09 	 0.0000000000000000e+00
	 4.1784797869460978e+07 	 1.1570134196097702e+07 	 0.0000000000000000e+00 	 0.0000000000000000e+00 	 0.0000000000000000e+00 	 2.1124318574284059e+08

	 3.3511983914275186e+02 	 0.0000000000000000e+00 	 0.0000000000000000e+00 	 0.0000000000000000e+00 	 0.0000000000000000e+00 	 -1.1586544446088404e+02
	 0.0000000000000000e+00 	 3.3511983914275186e+02 	 0.0000000000000000e+00 	 0.0000000000000000e+00 	 0.0000000000000000e+00 	 6.6365567496070721e+00
	 0.0000000000000000e+00 	 0.0000000000000000e+00 	 3.3511983914275186e+02 	 1.1586544446088404e+02 	 -6.6365567496070721e+00 	 0.0000000000000000e+00
	 0.0000000000000000e+00 	 0.0000000000000000e+00 	 1.1586544446088404e+02 	 3.9031621294754018e+02 	 -7.0808866424999932e+00 	 0.0000000000000000e+00
	 0.0000000000000000e+00 	 0.0000000000000000e+00 	 -6.6365567496070721e+00 	 -7.0808866424999932e+00 	 4.3909089411532136e+01 	 0.0000000000000000e+00
	 -1.1586544446088404e+02 	 6.6365567496070721e+00 	 0.0000000000000000e+00 	 0.0000000000000000e+00 	 0.0000000000000000e+00 	 4.3422530235907197e+02

	 0.632653
	 1.3167906319930397e+08 	 8.8823064074453898e+04 	 0.0000000000000000e+00 	 0.0000000000000000e+00 	 0.0000000000000000e+00 	 3.7626812572179705e+07
	 8.8823063900908921e+04 	 4.6098691704514718e+08 	 0.0000000000000000e+00 	 0.0000000000000000e+00 	 0.0000000000000000e+00 	 1.0983282440873677e+07
	 0.0000000000000000e+00 	 0.0000000000000000e+00 	 1.5905175413266605e+10 	 -8.6227456960273504e+07 	 -1.6491648706248143e+08 	 0.0000000000000000e+00
	 0.0000000000000000e+00 	 0.0000000000000000e+00 	 -8.6227456960092068e+07 	 6.5746971328889494e+09 	 6.2504940633053400e+07 	 0.0000000000000000e+00
	 0.0000000000000000e+00 	 0.0000000000000000e+00 	 -1.6491648706247151e+08 	 6.2504940633013971e+07 	 2.4381163292156420e+09 	 0.0000000000000000e+00
	 3.7626812572154343e+07 	 1.0983282440858312e+07 	 0.0000000000000000e+00 	 0.0000000000000000e+00 	 0.0000000000000000e+00 	 1.8434343239273989e+08

	 3.1822826971940646e+02 	 0.0000000000000000e+00 	 0.0000000000000000e+00 	 0.0000000000000000e+00 	 0.0000000000000000e+00 	 -1.0429076606620379e+02
	 0.0000000000000000e+00 	 3.1822826971940646e+02 	 0.0000000000000000e+00 	 0.0000000000000000e+00 	 0.0000000000000000e+00 	 6.3405850877933867e+00
	 0.0000000000000000e+00 	 0.0000000000000000e+00 	 3.1822826971940646e+02 	 1.0429076606620379e+02 	 -6.3405850877933867e+00 	 0.0000000000000000e+00
	 0.0000000000000000e+00 	 0.0000000000000000e+00 	 1.0429076606620379e+02 	 3.3601425114939610e+02 	 -5.9171187853363039e+00 	 0.0000000000000000e+00
	 0.0000000000000000e+00 	 0.0000000000000000e+00 	 -6.3405850877933867e+00 	 -5.9171187853363039e+00 	 3.7149623107262173e+01 	 0.0000000000000000e+00
	 -1.0429076606620379e+02 	 6.3405850877933867e+00 	 0.0000000000000000e+00 	 0.0000000000000000e+00 	 0.0000000000000000e+00 	 3.7316387425665744e+02

	 0.653061
	 1.2375367405675434e+08 	 -2.7805469839387108e+05 	 0.0000000000000000e+00 	 0.0000000000000000e+00 	 0.0000000000000000e+00 	 3.3759378693060562e+07
	 -2.7805469844029984e+05 	 4.5363578153764743e+08 	 0.0000000000000000e+00 	 0.0000000000000000e+00 	 0.0000000000000000e+00 	 1.0423459463966064e+07
	 0.0000000000000000e+00 	 0.0000000000000000e+00 	 1.5157796995396309e+10 	 -6.3787408407959953e+07 	 -1.7020120805701137e+08 	 0.0000000000000000e+00
	 0.0000000000000000e+00 	 0.0000000000000000e+00 	 -6.3787408407919526e+07 	 5.7157324512600250e+09 	 7.0816482297867715e+07 	 0.0000000000000000e+00
	 0.0000000000000000e+00 	 0.0000000000000000e+00 	 -1.7020120805701032e+08 	 7.0816482297872126e+07 	 2.0684267885777490e+09 	 0.0000000000000000e+00
	 3.3759378693014167e+07 	 1.0423459463913498e+07 	 0.0000000000000000e+00 	 0.0000000000000000e+00 	 0.0000000000000000e+00 	 1.6078079059125689e+08

	 3.0111312876008793e+02 	 0.0000000000000000e+00 	 0.0000000000000000e+00 	 0.0000000000000000e+00 	 0.0000000000000000e+00 	 -9.3124519380356716e+01
	 0.0000000000000000e+00 	 3.0111312876008793e+02 	 0.0000000000000000e+00 	 0.0000000000000000e+00 	 0.0000000000000000e+00 	 6.0540044601080805e+00
	 0.0000000000000000e+00 	 0.0000000000000000e+00 	 3.0111312876008793e+02 	 9.3124519380356716e+01 	 -6.0540044601080805e+00 	 0.0000000000000000e+00
	 0.0000000000000000e+00 	 0.0000000000000000e+00 	 9.3124519380356716e+01 	 2.8727787460356973e+02 	 -4.9067397130237671e+00 	 0.0000000000000000e+00
	 0.0000000000000000e+00 	 0.0000000000000000e+00 	 -6.0540044601080805e+00 	 -4.9067397130237671e+00 	 3.1418898624981001e+01 	 0.0000000000000000e+00
	 -9.3124519380356716e+01 	 6.0540044601080805e+00 	 0.0000000000000000e+00 	 0.0000000000000000e+00 	 0.0000000000000000e+00 	 3.1869677322855131e+02

	 0.673469
	 1.1633468406317636e+08 	 -6.2053842041625734e+05 	 0.0000000000000000e+00 	 0.0000000000000000e+00 	 0.0000000000000000e+00 	 2.9976147525298074e+07
	 -6.2053842049598414e+05 	 4.4729723412971008e+08 	 0.0000000000000000e+00 	 0.0000000000000000e+00 	 0.0000000000000000e+00 	 1.0151624358062007e+07
	 0.0000000000000000e+00 	 0.0000000000000000e+00 	 1.4392266664899223e+10 	 -2.6493866819379434e+07 	 -1.7162474889851034e+08 	 0.0000000000000000e+00
	 0.0000000000000000e+00 	 0.0000000000000000e+00 	 -2.6493866819211524e+07 	 4.9674423773691702e+09 	 7.5106899796282902e+07 	 0.0000000000000000e+00
	 0.0000000000000000e+00 	 0.0000000000000000e+00 	 -1.7162474889851856e+08 	 7.5106899796293184e+07 	 1.7538895833468804e+09 	 0.0000000000000000e+00
	 2.9976147525289290e+07 	 1.0151624358116334e+07 	 0.0000000000000000e+00 	 0.0000000000000000e+00 	 0.0000000000000000e+00 	 1.4049088544359595e+08

	 2.8446034610494041e+02 	 0.0000000000000000e+00 	 0.0000000000000000e+00 	 0.0000000000000000e+00 	 0.0000000000000000e+00 	 -8.3400445066102577e+01
	 0.0000000000000000e+00 	 2.8446034610494041e+02 	 0.0000000000000000e+00 	 0.0000000000000000e+00 	 0.0000000000000000e+00 	 5.7711143190075695e+00
	 0.0000000000000000e+00 	 0.0000000000000000e+00 	 2.8446034610494041e+02 	 8.3400445066102577e+01 	 -5.7711143190075695e+00 	 0.0000000000000000e+00
	 0.0000000000000000e+00 	 0.0000000000000000e+00 	 8.3400445066102577e+01 	 2.4562408137127284e+02 	 -4.0710749058518623e+00 	 0.0000000000000000e+00
	 0.0000000000000000e+00 	 0.0000000000000000e+00 	 -5.7711143190075695e+00 	 -4.0710749058518623e+00 	 2.6592478862934687e+01 	 0.0000000000000000e+00
	 -8.3400445066102577e+01 	 5.7711143190075695e+00 	 0.0000000000000000e+00 	 0.0000000000000000e+00 	 0.0000000000000000e+00 	 2.7221656023420655e+02

	 0.693878
	 1.0930169284197494e+08 	 -7.3911479413574003e+05 	 0.0000000000000000e+00 	 0.0000000000000000e+00 	 0.0000000000000000e+00 	 2.6624920159130823e+07
	 -7.3911479411480762e+05 	 4.3957965811253673e+08 	 0.0000000000000000e+00 	 0.0000000000000000e+00 	 0.0000000000000000e+00 	 9.5786325166541766e+06
	 0.0000000000000000e+00 	 0.0000000000000000e+00 	 1.3598675284747559e+10 	 6.8696281090722280e+06 	 -1.7314415023926991e+08 	 0.0000000000000000e+00
	 0.0000000000000000e+00 	 0.0000000000000000e+00 	 6.8696281090830322e+06 	 4.3018288504865589e+09 	 7.6027115004682377e+07 	 0.0000000000000000e+00
	 0.0000000000000000e+00 	 0.0000000000000000e+00 	 -1.7314415023926038e+08 	 7.6027115004721731e+07 	 1.4850207456351936e+09 	 0.0000000000000000e+00
	 2.6624920159106750e+07 	 9.5786325166421235e+06 	 0.0000000000000000e+00 	 0.0000000000000000e+00 	 0.0000000000000000e+00 	 1.2261361999812193e+08

	 2.6773668201393389e+02 	 0.0000000000000000e+00 	 0.0000000000000000e+00 	 0.0000000000000000e+00 	 0.0000000000000000e+00 	 -7.4277645726067178e+01
	 0.0000000000000000e+00 	 2.6773668201393389e+02 	 0.0000000000000000e+00 	 0.0000000000000000e+00 	 0.0000000000000000e+00 	 5.4811799089141866e+00
	 0.0000000000000000e+00 	 0.0000000000000000e+00 	 2.6773668201393389e+02 	 7.4277645726067178e+01 	 -5.4811799089141866e+00 	 0.0000000000000000e+00
	 0.0000000000000000e+00 	 0.0000000000000000e+00 	 7.4277645726067178e+01 	 2.0920082319796097e+02 	 -3.3373928055229487e+00 	 0.0000000000000000e+00
	 0.0000000000000000e+00 	 0.0000000000000000e+00 	 -5.4811799089141866e+00 	 -3.3373928055229487e+00 	 2.2487225709977189e+01 	 0.0000000000000000e+00
	 -7.4277645726067178e+01 	 5.4811799089141866e+00 	 0.0000000000000000e+00 	 0.0000000000000000e+00 	 0.0000000000000000e+00 	 2.3168804890793729e+02

	 0.714286
	 1.0279568084200351e+08 	 -9.1674857550226897e+05 	 0.0000000000000000e+00 	 0.0000000000000000e+00 	 0.0000000000000000e+00 	 2.3749378659382921e+07
	 -9.1674857546650525e+05 	 4.3269445472900379e+08 	 0.0000000000000000e+00 	 0.0000000000000000e+00 	 0.0000000000000000e+00 	 9.2712380922082402e+06
	 0.0000000000000000e+00 	 0.0000000000000000e+00 	 1.2776219970953304e+10 	 2.2302031505663015e+07 	 -1.7136634885856891e+08 	 0.0000000000000000e+00
	 0.0000000000000000e+00 	 0.0000000000000000e+00 	 2.2302031505689904e+07 	 3.7039799608130050e+09 	 7.6137753217087463e+07 	 0.0000000000000000e+00
	 0.0000000000000000e+00 	 0.0000000000000000e+00 	 -1.7136634885862106e+08 	 7.6137753217065752e+07 	 1.2544801960792954e+09 	 0.0000000000000000e+00
	 2.3749378659370024e+07 	 9.2712380921595804e+06 	 0.0000000000000000e+00 	 0.0000000000000000e+00 	 0.0000000000000000e+00 	 1.0721865388296603e+08

	 2.5106838917749704e+02 	 0.0000000000000000e+00 	 0.0000000000000000e+00 	 0.0000000000000000e+00 	 0.0000000000000000e+00 	 -6.5315820818405598e+01
	 0.0000000000000000e+00 	 2.5106838917749704e+02 	 0.0000000000000000e+00 	 0.0000000000000000e+00 	 0.0000000000000000e+00 	 5.1604901638897616e+00
	 0.0000000000000000e+00 	 0.0000000000000000e+00 	 2.5106838917749704e+02 	 6.5315820818405598e+01 	 -5.1604901638897616e+00 	 0.0000000000000000e+00
	 0.0000000000000000e+00 	 0.0000000000000000e+00 	 6.5315820818405598e+01 	 1.7737504569178918e+02 	 -2.6871454468294238e+00 	 0.0000000000000000e+00
	 0.0000000000000000e+00 	 0.0000000000000000e+00 	 -5.1604901638897616e+00 	 -2.6871454468294238e+00 	 1.9004410874480275e+01 	 0.0000000000000000e+00
	 -6.5315820818405598e+01 	 5.1604901638897616e+00 	 0.0000000000000000e+00 	 0.0000000000000000e+00 	 0.0000000000000000e+00 	 1.9637945656627028e+02

	 0.734694
	 9.6370030127120018e+07 	 -1.0693285961899534e+06 	 0.0000000000000000e+00 	 0.0000000000000000e+00 	 0.0000000000000000e+00 	 2.0737532214068905e+07
	 -1.0693285961949779e+06 	 4.2471917453048080e+08 	 0.0000000000000000e+00 	 0.0000000000000000e+00 	 0.0000000000000000e+00 	 9.2073752472089268e+06
	 0.0000000000000000e+00 	 0.0000000000000000e+00 	 1.1913483441656788e+10 	 4.3665882344430208e+07 	 -1.6995574649447617e+08 	 0.0000000000000000e+00
	 0.0000000000000000e+00 	 0.0000000000000000e+00 	 4.3665882344463378e+07 	 3.1699670148369946e+09 	 7.3438892897587046e+07 	 0.0000000000000000e+00
	 0.0000000000000000e+00 	 0.0000000000000000e+00 	 -1.6995574649448979e+08 	 7.3438892897582933e+07 	 1.0559075090423146e+09 	 0.0000000000000000e+00
	 2.0737532214069661e+07 	 9.2073752472333629e+06 	 0.0000000000000000e+00 	 0.0000000000000000e+00 	 0.0000000000000000e+00 	 9.3430391848427683e+07

	 2.3403828632374200e+02 	 0.0000000000000000e+00 	 0.0000000000000000e+00 	 0.0000000000000000e+00 	 0.0000000000000000e+00 	 -5.7522191799684620e+01
	 0.0000000000000000e+00 	 2.3403828632374200e+02 	 0.0000000000000000e+00 	 0.0000000000000000e+00 	 0.0000000000000000e+00 	 4.8809922269461277e+00
	 0.0000000000000000e+00 	 0.0000000000000000e+00 	 2.3403828632374200e+02 	 5.7522191799684620e+01 	 -4.8809922269461277e+00 	 0.0000000000000000e+00
	 0.0000000000000000e+00 	 0.0000000000000000e+00 	 5.7522191799684620e+01 	 1.4972101933733185e+02 	 -2.1685109668933795e+00 	 0.0000000000000000e+00
	 0.0000000000000000e+00 	 0.0000000000000000e+00 	 -4.8809922269461277e+00 	 -2.1685109668933795e+00 	 1.6026596422001287e+01 	 0.0000000000000000e+00
	 -5.7522191799684620e+01 	 4.8809922269461277e+00 	 0.0000000000000000e+00 	 0.0000000000000000e+00 	 0.0000000000000000e+00 	 1.6574761575933380e+02

	 0.755102
	 8.9573870019133538e+07 	 -7.8485091141805984e+05 	 0.0000000000000000e+00 	 0.0000000000000000e+00 	 0.0000000000000000e+00 	 1.7817013350464251e+07
	 -7.8485091142456327e+05 	 4.1592264587807399e+08 	 0.0000000000000000e+00 	 0.0000000000000000e+00 	 0.0000000000000000e+00 	 9.2156968139081262e+06
	 0.0000000000000000e+00 	 0.0000000000000000e+00 	 1.1030327468551901e+10 	 7.9985513775386810e+07 	 -1.6448476903584796e+08 	 0.0000000000000000e+00
	 0.0000000000000000e+00 	 0.0000000000000000e+00 	 7.9985513775410756e+07 	 2.7036039972577386e+09 	 6.6329369734981298e+07 	 0.0000000000000000e+00
	 0.0000000000000000e+00 	 0.0000000000000000e+00 	 -1.6448476903584033e+08 	 6.6329369734967850e+07 	 8.7194005741588652e+08 	 0.0000000000000000e+00
	 1.7817013350462724e+07 	 9.2156968139188047e+06 	 0.0000000000000000e+00 	 0.0000000000000000e+00 	 0.0000000000000000e+00 	 8.0700556161972836e+07

	 2.1728387262312961e+02 	 0.0000000000000000e+00 	 0.0000000000000000e+00 	 0.0000000000000000e+00 	 0.0000000000000000e+00 	 -5.0687179364069820e+01
	 0.0000000000000000e+00 	 2.1728387262312961e+02 	 0.0000000000000000e+00 	 0.0000000000000000e+00 	 0.0000000000000000e+00 	 4.5509440383174962e+00
	 0.0000000000000000e+00 	 0.0000000000000000e+00 	 2.1728387262312961e+02 	 5.0687179364069820e+01 	 -4.5509440383174962e+00 	 0.0000000000000000e+00
	 0.0000000000000000e+00 	 0.0000000000000000e+00 	 5.0687179364069820e+01 	 1.2617021002488683e+02 	 -1.7686013616240954e+00 	 0.0000000000000000e+00
	 0.0000000000000000e+00 	 0.0000000000000000e+00 	 -4.5509440383174962e+00 	 -1.7686013616240954e+00 	 1.3298735724387642e+01 	 0.0000000000000000e+00
	 -5.0687179364069820e+01 	 4.5509440383174962e+00 	 0.0000000000000000e+00 	 0.0000000000000000e+00 	 0.0000000000000000e+00 	 1.3946894574927447e+02

	 0.775510
	 8.2891550533660501e+07 	 -4.5412454153668322e+05 	 0.0000000000000000e+00 	 0.0000000000000000e+00 	 0.0000000000000000e+00 	 1.5047263130475834e+07
	 -4.5412454152295180e+05 	 4.0482823703917158e+08 	 0.0000000000000000e+00 	 0.0000000000000000e+00 	 0.0000000000000000e+00 	 9.3509580560771599e+06
	 0.0000000000000000e+00 	 0.0000000000000000e+00 	 1.0126733123779905e+10 	 1.1122822216249602e+08 	 -1.5925327314465976e+08 	 0.0000000000000000e+00
	 0.0000000000000000e+00 	 0.0000000000000000e+00 	 1.1122822216245681e+08 	 2.2898259929446168e+09 	 5.7974361809688210e+07 	 0.0000000000000000e+00
	 0.0000000000000000e+00 	 0.0000000000000000e+00 	 -1.5925327314465111e+08 	 5.7974361809692442e+07 	 7.1257099123032892e+08 	 0.0000000000000000e+00
	 1.5047263130476169e+07 	 9.3509580560816266e+06 	 0.0000000000000000e+00 	 0.0000000000000000e+00 	 0.0000000000000000e+00 	 6.9302718981039435e+07

	 2.0054007178621009e+02 	 0.0000000000000000e+00 	 0.0000000000000000e+00 	 0.0000000000000000e+00 	 0.0000000000000000e+00 	 -4.4412822451619078e+01
	 0.0000000000000000e+00 	 2.0054007178621009e+02 	 0.0000000000000000e+00 	 0.0000000000000000e+00 	 0.0000000000000000e+00 	 4.2466475006587743e+00
	 0.0000000000000000e+00 	 0.0000000000000000e+00 	 2.0054007178621009e+02 	 4.4412822451619078e+01 	 -4.2466475006587743e+00 	 0.0000000000000000e+00
	 0.0000000000000000e+00 	 0.0000000000000000e+00 	 4.4412822451619078e+01 	 1.0584391199794203e+02 	 -1.4484137285770371e+00 	 0.0000000000000000e+00
	 0.0000000000000000e+00 	 0.0000000000000000e+00 	 -4.2466475006587743e+00 	 -1.4484137285770371e+00 	 1.0950111867395329e+01 	 0.0000000000000000e+00
	 -4.4412822451619078e+01 	 4.2466475006587743e+00 	 0.0000000000000000e+00 	 0.0000000000000000e+00 	 0.0000000000000000e+00 	 1.1679402386533756e+02

	 0.795918
	 7.6573443064459473e+07 	 -2.1347886010034941e+05 	 0.0000000000000000e+00 	 0.0000000000000000e+00 	 0.0000000000000000e+00 	 1.2587707586786654e+07
	 -2.1347886012763251e+05 	 3.9097779906685197e+08 	 0.0000000000000000e+00 	 0.0000000000000000e+00 	 0.0000000000000000e+00 	 9.4635909113599621e+06
	 0.0000000000000000e+00 	 0.0000000000000000e+00 	 9.2056113786868134e+09 	 1.3547245213016087e+08 	 -1.5351427192059475e+08 	 0.0000000000000000e+00
	 0.0000000000000000e+00 	 0.0000000000000000e+00 	 1.3547245213013732e+08 	 1.9261393814195466e+09 	 4.9431172397776984e+07 	 0.0000000000000000e+00
	 0.0000000000000000e+00 	 0.0000000000000000e+00 	 -1.5351427192060012e+08 	 4.9431172397776470e+07 	 5.7728025168031549e+08 	 0.0000000000000000e+00
	 1.2587707586790986e+07 	 9.4635909113610443e+06 	 0.0000000000000000e+00 	 0.0000000000000000e+00 	 0.0000000000000000e+00 	 5.9321267459155723e+07

	 1.8387802028990728e+02 	 0.0000000000000000e+00 	 0.0000000000000000e+00 	 0.0000000000000000e+00 	 0.0000000000000000e+00 	 -3.8635363424791656e+01
	 0.0000000000000000e+00 	 1.8387802028990728e+02 	 0.0000000000000000e+00 	 0.0000000000000000e+00 	 0.0000000000000000e+00 	 3.9545035229610663e+00
	 0.0000000000000000e+00 	 0.0000000000000000e+00 	 1.8387802028990728e+02 	 3.8635363424791656e+01 	 -3.9545035229610663e+00 	 0.0000000000000000e+00
	 0.0000000000000000e+00 	 0.0000000000000000e+00 	 3.8635363424791656e+01 	 8.8310172061218040e+01 	 -1.1843649558484399e+00 	 0.0000000000000000e+00
	 0.0000000000000000e+00 	 0.0000000000000000e+00 	 -3.9545035229610663e+00 	 -1.1843649558484399e+00 	 8.9658175611239397e+00 	 0.0000000000000000e+00
	 -3.8635363424791656e+01 	 3.9545035229610663e+00 	 0.0000000000000000e+00 	 0.0000000000000000e+00 	 0.0000000000000000e+00 	 9.7275989622341982e+01

	 0.816327
	 7.1582539830971107e+07 	 1.4207886797764376e+06 	 0.0000000000000000e+00 	 0.0000000000000000e+00 	 0.0000000000000000e+00 	 1.2020553438018307e+07
	 1.4207886798098655e+06 	 3.7685801608073825e+08 	 0.0000000000000000e+00 	 0.0000000000000000e+00 	 0.0000000000000000e+00 	 7.6291346029369151e+06
	 0.0000000000000000e+00 	 0.0000000000000000e+00 	 8.2495470628790064e+09 	 8.0459295788461164e+07 	 -1.4649732074724069e+08 	 0.0000000000000000e+00
	 0.0000000000000000e+00 	 0.0000000000000000e+00 	 8.0459295788353547e+07 	 1.4923075554552569e+09 	 4.1006688276544280e+07 	 0.0000000000000000e+00
	 0.0000000000000000e+00 	 0.0000000000000000e+00 	 -1.4649732074740201e+08 	 4.1006688276521780e+07 	 4.6270092489190513e+08 	 0.0000000000000000e+00
	 1.2020553438034657e+07 	 7.6291346029464277e+06 	 0.0000000000000000e+00 	 0.0000000000000000e+00 	 0.0000000000000000e+00 	 5.1167379022390276e+07

	 1.6564779758513984e+02 	 0.0000000000000000e+00 	 0.0000000000000000e+00 	 0.0000000000000000e+00 	 0.0000000000000000e+00 	 -2.8150792842782337e+01
	 0.0000000000000000e+00 	 1.6564779758513984e+02 	 0.0000000000000000e+00 	 0.0000000000000000e+00 	 0.0000000000000000e+00 	 3.6714162555070207e+00
	 0.0000000000000000e+00 	 0.0000000000000000e+00 	 1.6564779758513984e+02 	 2.8150792842782337e+01 	 -3.6714162555070207e+00 	 0.0000000000000000e+00
	 0.0000000000000000e+00 	 0.0000000000000000e+00 	 2.8150792842782337e+01 	 6.5148404353437527e+01 	 -9.6032120080508510e-01 	 0.0000000000000000e+00
	 0.0000000000000000e+00 	 0.0000000000000000e+00 	 -3.6714162555070207e+00 	 -9.6032120080508510e-01 	 7.3164044398222154e+00 	 0.0000000000000000e+00
	 -2.8150792842782337e+01 	 3.6714162555070207e+00 	 0.0000000000000000e+00 	 0.0000000000000000e+00 	 0.0000000000000000e+00 	 7.2464808793259508e+01

	 0.836735
	 6.5827196878512405e+07 	 1.5114203349585179e+06 	 0.0000000000000000e+00 	 0.0000000000000000e+00 	 0.0000000000000000e+00 	 9.9257915643810574e+06
	 1.5114203349575950e+06 	 3.5271978200369978e+08 	 0.0000000000000000e+00 	 0.0000000000000000e+00 	 0.0000000000000000e+00 	 7.3104291877005361e+06
	 0.0000000000000000e+00 	 0.0000000000000000e+00 	 7.3229757160634737e+09 	 1.0546972646887097e+08 	 -1.3802746527329519e+08 	 0.0000000000000000e+00
	 0.0000000000000000e+00 	 0.0000000000000000e+00 	 1.0546972646892519e+08 	 1.2363593219859185e+09 	 3.2438613513447173e+07 	 0.0000000000000000e+00
	 0.0000000000000000e+00 	 0.0000000000000000e+00 	 -1.3802746527320194e+08 	 3.2438613513463456e+07 	 3.6522800225438339e+08 	 0.0000000000000000e+00
	 9.9257915643868838e+06 	 7.3104291876998171e+06 	 0.0000000000000000e+00 	 0.0000000000000000e+00 	 0.0000000000000000e+00 	 4.3290465797886513e+07

	 1.4980772627960027e+02 	 0.0000000000000000e+00 	 0.0000000000000000e+00 	 0.0000000000000000e+00 	 0.0000000000000000e+00 	 -2.4139901552289302e+01
	 0.0000000000000000e+00 	 1.4980772627960027e+02 	 0.0000000000000000e+00 	 0.0000000000000000e+00 	 0.0000000000000000e+00 	 3.3965881013264791e+00
	 0.0000000000000000e+00 	 0.0000000000000000e+00 	 1.4980772627960027e+02 	 2.4139901552289302e+01 	 -3.3965881013264791e+00 	 0.0000000000000000e+00
	 0.0000000000000000e+00 	 0.0000000000000000e+00 	 2.4139901552289302e+01 	 5.3581011987687738e+01 	 -8.0192399480839138e-01 	 0.0000000000000000e+00
	 0.0000000000000000e+00 	 0.0000000000000000e+00 	 -3.3965881013264791e+00 	 -8.0192399480839138e-01 	 5.8904191805996478e+00 	 0.0000000000000000e+00
	 -2.4139901552289302e+01 	 3.3965881013264791e+00 	 0.0000000000000000e+00 	 0.0000000000000000e+00 	 0.0000000000000000e+00 	 5.9471431168287161e+01

	 0.857143
	 6.0284288060317025e+07 	 1.4633885483617932e+06 	 0.0000000000000000e+00 	 0.0000000000000000e+00 	 0.0000000000000000e+00 	 8.0541065142356120e+06
	 1.4633885483668344e+06 	 3.2606168257163757e+08 	 0.0000000000000000e+00 	 0.0000000000000000e+00 	 0.0000000000000000e+00 	 6.8982116968528526e+06
	 0.0000000000000000e+00 	 0.0000000000000000e+00 	 6.4585545419861860e+09 	 1.2154079364057058e+08 	 -1.2821082956319429e+08 	 0.0000000000000000e+00
	 0.0000000000000000e+00 	 0.0000000000000000e+00 	 1.2154079364060943e+08 	 1.0199901909914495e+09 	 2.4981246349948026e+07 	 0.0000000000000000e+00
	 0.0000000000000000e+00 	 0.0000000000000000e+00 	 -1.2821082956321649e+08 	 2.4981246349947453e+07 	 2.8515946223776984e+08 	 0.0000000000000000e+00
	 8.0541065142349824e+06 	 6.8982116968418835e+06 	 0.0000000000000000e+00 	 0.0000000000000000e+00 	 0.0000000000000000e+00 	 3.6358058259401694e+07

	 1.3491310776372683e+02 	 0.0000000000000000e+00 	 0.0000000000000000e+00 	 0.0000000000000000e+00 	 0.0000000000000000e+00 	 -2.0569996148749922e+01
	 0.0000000000000000e+00 	 1.3491310776372683e+02 	 0.0000000000000000e+00 	 0.0000000000000000e+00 	 0.0000000000000000e+00 	 3.1149224136635993e+00
	 0.0000000000000000e+00 	 0.0000000000000000e+00 	 1.3491310776372683e+02 	 2.0569996148749922e+01 	 -3.1149224136635993e+00 	 0.0000000000000000e+00
	 0.0000000000000000e+00 	 0.0000000000000000e+00 	 2.0569996148749922e+01 	 4.3824162134854191e+01 	 -6.6726134451106456e-01 	 0.0000000000000000e+00
	 0.0000000000000000e+00 	 0.0000000000000000e+00 	 -3.1149224136635993e+00 	 -6.6726134451106456e-01 	 4.7065310669613165e+00 	 0.0000000000000000e+00
	 -2.0569996148749922e+01 	 3.1149224136635993e+00 	 0.0000000000000000e+00 	 0.0000000000000000e+00 	 0.0000000000000000e+00 	 4.8530693201815474e+01

	 0.877551
	 5.4759926747328587e+07 	 1.2758254856589185e+06 	 0.0000000000000000e+00 	 0.0000000000000000e+00 	 0.0000000000000000e+00 	 6.3432406384956837e+06
	 1.2758254856585907e+06 	 2.9578100786405933e+08 	 0.0000000000000000e+00 	 0.0000000000000000e+00 	 0.0000000000000000e+00 	 6.3126862829349618e+06
	 0.0000000000000000e+00 	 0.0000000000000000e+00 	 5.5971952939787197e+09 	 1.3395123136294378e+08 	 -1.1567988403675029e+08 	 0.0000000000000000e+00
	 0.0000000000000000e+00 	 0.0000000000000000e+00 	 1.3395123136291562e+08 	 8.3282794792093432e+08 	 1.7919737258711815e+07 	 0.0000000000000000e+00
	 0.0000000000000000e+00 	 0.0000000000000000e+00 	 -1.1567988403676462e+08 	 1.7919737258706633e+07 	 2.1712280554772905e+08 	 0.0000000000000000e+00
	 6.3432406384959975e+06 	 6.3126862829459216e+06 	 0.0000000000000000e+00 	 0.0000000000000000e+00 	 0.0000000000000000e+00 	 3.0038983867951330e+07

	 1.2028976480209798e+02 	 0.0000000000000000e+00 	 0.0000000000000000e+00 	 0.0000000000000000e+00 	 0.0000000000000000e+00 	 -1.7634633344653309e+01
	 0.0000000000000000e+00 	 1.2028976480209798e+02 	 0.0000000000000000e+00 	 0.0000000000000000e+00 	 0.0000000000000000e+00 	 2.8142931278055001e+00
	 0.0000000000000000e+00 	 0.0000000000000000e+00 	 1.2028976480209798e+02 	 1.7634633344653309e+01 	 -2.8142931278055001e+00 	 0.0000000000000000e+00
	 0.0000000000000000e+00 	 0.0000000000000000e+00 	 1.7634633344653309e+01 	 3.5633303773100664e+01 	 -5.6405726762836605e-01 	 0.0000000000000000e+00
	 0.0000000000000000e+00 	 0.0000000000000000e+00 	 -2.8142931278055001e+00 	 -5.6405726762836605e-01 	 3.6938499354743510e+00 	 0.0000000000000000e+00
	 -1.7634633344653309e+01 	 2.8142931278055001e+00 	 0.0000000000000000e+00 	 0.0000000000000000e+00 	 0.0000000000000000e+00 	 3.9327153708575132e+01

	 0.897959
	 4.9155568725107722e+07 	 9.0708040168791451e+05 	 0.0000000000000000e+00 	 0.0000000000000000e+00 	 0.0000000000000000e+00 	 4.8389396183664063e+06
	 9.0708040168676991e+05 	 2.6222508005900130e+08 	 0.0000000000000000e+00 	 0.0000000000000000e+00 	 0.0000000000000000e+00 	 5.6723090974123124e+06
	 0.0000000000000000e+00 	 0.0000000000000000e+00 	 4.7120707303693705e+09 	 1.3584042576640615e+08 	 -1.0038316243390186e+08 	 0.0000000000000000e+00
	 0.0000000000000000e+00 	 0.0000000000000000e+00 	 1.3584042576637933e+08 	 6.6416406787228942e+08 	 1.1546288357043430e+07 	 0.0000000000000000e+00
	 0.0000000000000000e+00 	 0.0000000000000000e+00 	 -1.0038316243390349e+08 	 1.1546288357045358e+07 	 1.5857403692566499e+08 	 0.0000000000000000e+00
	 4.8389396183654834e+06 	 5.6723090974140223e+06 	 0.0000000000000000e+00 	 0.0000000000000000e+00 	 0.0000000000000000e+00 	 2.4274566987053670e+07

	 1.0536503358364708e+02 	 0.0000000000000000e+00 	 0.0000000000000000e+00 	 0.0000000000000000e+00 	 0.0000000000000000e+00 	 -1.4812991882704925e+01
	 0.0000000000000000e+00 	 1.0536503358364708e+02 	 0.0000000000000000e+00 	 0.0000000000000000e+00 	 0.0000000000000000e+00 	 2.4869369062781477e+00
	 0.0000000000000000e+00 	 0.0000000000000000e+00 	 1.0536503358364708e+02 	 1.4812991882704925e+01 	 -2.4869369062781477e+00 	 0.0000000000000000e+00
	 0.0000000000000000e+00 	 0.0000000000000000e+00 	 1.4812991882704925e+01 	 2.8357121414243370e+01 	 -4.7051228411965057e-01 	 0.0000000000000000e+00
	 0.0000000000000000e+00 	 0.0000000000000000e+00 	 -2.4869369062781477e+00 	 -4.7051228411965057e-01 	 2.8147311118567071e+00 	 0.0000000000000000e+00
	 -1.4812991882704925e+01 	 2.4869369062781477e+00 	 0.0000000000000000e+00 	 0.0000000000000000e+00 	 0.0000000000000000e+00 	 3.1171852526099993e+01

	 0.918367
	 4.2651645627507061e+07 	 4.1051937667292869e+05 	 0.0000000000000000e+00 	 0.0000000000000000e+00 	 0.0000000000000000e+00 	 3.1979986338575371e+06
	 4.1051937666739384e+05 	 2.2244433381997743e+08 	 0.0000000000000000e+00 	 0.0000000000000000e+00 	 0.0000000000000000e+00 	 4.8798652563588638e+06
	 0.0000000000000000e+00 	 0.0000000000000000e+00 	 3.7473352009936829e+09 	 1.3872419055964628e+08 	 -8.1131531489689961e+07 	 0.0000000000000000e+00
	 0.0000000000000000e+00 	 0.0000000000000000e+00 	 1.3872419055966130e+08 	 5.0990453059976262e+08 	 5.7600173751799986e+06 	 0.0000000000000000e+00
	 0.0000000000000000e+00 	 0.0000000000000000e+00 	 -8.1131531489690974e+07 	 5.7600173751822617e+06 	 1.0710212044152443e+08 	 0.0000000000000000e+00
	 3.1979986338570411e+06 	 4.8798652563530253e+06 	 0.0000000000000000e+00 	 0.0000000000000000e+00 	 0.0000000000000000e+00 	 1.8565316264343325e+07

	 8.8731540034139428e+01 	 0.0000000000000000e+00 	 0.0000000000000000e+00 	 0.0000000000000000e+00 	 0.0000000000000000e+00 	 -1.2479271556349515e+01
	 0.0000000000000000e+00 	 8.8731540034139428e+01 	 0.0000000000000000e+00 	 0.0000000000000000e+00 	 0.0000000000000000e+00 	 2.0773024765486707e+00
	 0.0000000000000000e+00 	 0.0000000000000000e+00 	 8.8731540034139428e+01 	 1.2479271556349515e+01 	 -2.0773024765486707e+00 	 0.0000000000000000e+00
	 0.0000000000000000e+00 	 0.0000000000000000e+00 	 1.2479271556349515e+01 	 2.1926868290101506e+01 	 -4.0207167158453688e-01 	 0.0000000000000000e+00
	 0.0000000000000000e+00 	 0.0000000000000000e+00 	 -2.0773024765486707e+00 	 -4.0207167158453688e-01 	 2.0177603766730963e+00 	 0.0000000000000000e+00
	 -1.2479271556349515e+01 	 2.0773024765486707e+00 	 0.0000000000000000e+00 	 0.0000000000000000e+00 	 0.0000000000000000e+00 	 2.3944628666774552e+01

	 0.938776
	 3.4575736727085009e+07 	 -2.1421583657881315e+05 	 0.0000000000000000e+00 	 0.0000000000000000e+00 	 0.0000000000000000e+00 	 1.6505124180911037e+06
	 -2.1421583657109900e+05 	 1.7175184179604954e+08 	 0.0000000000000000e+00 	 0.0000000000000000e+00 	 0.0000000000000000e+00 	 4.0176658870806266e+06
	 0.0000000000000000e+00 	 0.0000000000000000e+00 	 2.6153775309196820e+09 	 1.2521134309417294e+08 	 -5.6019679328202926e+07 	 0.0000000000000000e+00
	 0.0000000000000000e+00 	 0.0000000000000000e+00 	 1.2521134309418784e+08 	 3.5077564285652471e+08 	 9.7815241077112872e+05 	 0.0000000000000000e+00
	 0.0000000000000000e+00 	 0.0000000000000000e+00 	 -5.6019679328206591e+07 	 9.7815241076889506e+05 	 6.1537261590571113e+07 	 0.0000000000000000e+00
	 1.6505124180914159e+06 	 4.0176658870775658e+06 	 0.0000000000000000e+00 	 0.0000000000000000e+00 	 0.0000000000000000e+00 	 1.2709325763357408e+07

	 6.8437134257480182e+01 	 0.0000000000000000e+00 	 0.0000000000000000e+00 	 0.0000000000000000e+00 	 0.0000000000000000e+00 	 -9.8269759714313096e+00
	 0.0000000000000000e+00 	 6.8437134257480182e+01 	 0.0000000000000000e+00 	 0.0000000000000000e+00 	 0.0000000000000000e+00 	 1.5639958197628638e+00
	 0.0000000000000000e+00 	 0.0000000000000000e+00 	 6.8437134257480182e+01 	 9.8269759714313096e+00 	 -1.5639958197628638e+00 	 0.0000000000000000e+00
	 0.0000000000000000e+00 	 0.0000000000000000e+00 	 9.8269759714313096e+00 	 1.5654895566455545e+01 	 -3.2264602819166588e-01 	 0.0000000000000000e+00
	 0.0000000000000000e+00 	 0.0000000000000000e+00 	 -1.5639958197628638e+00 	 -3.2264602819166588e-01 	 1.2798452350803908e+00 	 0.0000000000000000e+00
	 -9.8269759714313096e+00 	 1.5639958197628638e+00 	 0.0000000000000000e+00 	 0.0000000000000000e+00 	 0.0000000000000000e+00 	 1.6934740801535941e+01

	 0.959184
	 8.2828633898642873e+06 	 2.4307049944386547e+06 	 0.0000000000000000e+00 	 0.0000000000000000e+00 	 0.0000000000000000e+00 	 2.0773369813902695e+06
	 2.4307049944462702e+06 	 1.2659890586264391e+08 	 0.0000000000000000e+00 	 0.0000000000000000e+00 	 0.0000000000000000e+00 	 2.5138585103852013e+06
	 0.0000000000000000e+00 	 0.0000000000000000e+00 	 2.0121309570708277e+09 	 9.2286071303324714e+07 	 -3.9573452712581143e+07 	 0.0000000000000000e+00
	 0.0000000000000000e+00 	 0.0000000000000000e+00 	 9.2286071303345814e+07 	 2.1175401760423401e+08 	 4.6684720772950398e+05 	 0.0000000000000000e+00
	 0.0000000000000000e+00 	 0.0000000000000000e+00 	 -3.9573452712580524e+07 	 4.6684720772845671e+05 	 3.6641918349337019e+07 	 0.0000000000000000e+00
	 2.0773369813904453e+06 	 2.5138585103819650e+06 	 0.0000000000000000e+00 	 0.0000000000000000e+00 	 0.0000000000000000e+00 	 6.0540322448951807e+06

	 4.7415324183378203e+01 	 0.0000000000000000e+00 	 0.0000000000000000e+00 	 0.0000000000000000e+00 	 0.0000000000000000e+00 	 -6.4109147527573906e+00
	 0.0000000000000000e+00 	 4.7415324183378203e+01 	 0.0000000000000000e+00 	 0.0000000000000000e+00 	 0.0000000000000000e+00 	 9.9381618414686312e-01
	 0.0000000000000000e+00 	 0.0000000000000000e+00 	 4.7415324183378203e+01 	 6.4109147527573906e+00 	 -9.9381618414686312e-01 	 0.0000000000000000e+00
	 0.0000000000000000e+00 	 0.0000000000000000e+00 	 6.4109147527573906e+00 	 8.5058823630464531e+00 	 -1.7485948985147415e-01 	 0.0000000000000000e+00
	 0.0000000000000000e+00 	 0.0000000000000000e+00 	 -9.9381618414686312e-01 	 -1.7485948985147415e-01 	 7.3103651956073068e-01 	 0.0000000000000000e+00
	 -6.4109147527573906e+00 	 9.9381618414686312e-01 	 0.0000000000000000e+00 	 0.0000000000000000e+00 	 0.0000000000000000e+00 	 9.2369188826071742e+00

	 1.000000
	 7.7117714173589600e+05 	 1.5199872182857289e+05 	 0.0000000000000000e+00 	 0.0000000000000000e+00 	 0.0000000000000000e+00 	 4.4935849351915949e+03
	 1.5199872182816354e+05 	 1.0771845122510755e+07 	 0.0000000000000000e+00 	 0.0000000000000000e+00 	 0.0000000000000000e+00 	 5.5159158714306068e+04
	 0.0000000000000000e+00 	 0.0000000000000000e+00 	 5.5404744903286777e+07 	 4.0033683086025533e+06 	 -3.0262343011453305e+05 	 0.0000000000000000e+00
	 0.0000000000000000e+00 	 0.0000000000000000e+00 	 4.0033683086026534e+06 	 8.7911614146782353e+05 	 -3.0284843812641589e+04 	 0.0000000000000000e+00
	 0.0000000000000000e+00 	 0.0000000000000000e+00 	 -3.0262343011466792e+05 	 -3.0284843812647636e+04 	 4.3301485933591306e+04 	 0.0000000000000000e+00
	 4.4935849351637962e+03 	 5.5159158714311554e+04 	 0.0000000000000000e+00 	 0.0000000000000000e+00 	 0.0000000000000000e+00 	 3.0289578971619820e+04

	 3.8551387608819025e+00 	 0.0000000000000000e+00 	 0.0000000000000000e+00 	 0.0000000000000000e+00 	 0.0000000000000000e+00 	 -2.7960844938813600e-01
	 0.0000000000000000e+00 	 3.8551387608819025e+00 	 0.0000000000000000e+00 	 0.0000000000000000e+00 	 0.0000000000000000e+00 	 2.1048414971007772e-02
	 0.0000000000000000e+00 	 0.0000000000000000e+00 	 3.8551387608819025e+00 	 2.7960844938813600e-01 	 -2.1048414971007772e-02 	 0.0000000000000000e+00
	 0.0000000000000000e+00 	 0.0000000000000000e+00 	 2.7960844938813600e-01 	 6.1518416341062102e-02 	 -2.1119997821832733e-03 	 0.0000000000000000e+00
	 0.0000000000000000e+00 	 0.0000000000000000e+00 	 -2.1048414971007772e-02 	 -2.1119997821832733e-03 	 3.0286865894528490e-03 	 0.0000000000000000e+00
	 -2.7960844938813600e-01 	 2.1048414971007772e-02 	 0.0000000000000000e+00 	 0.0000000000000000e+00 	 0.0000000000000000e+00 	 6.4547102930515160e-02
